1563,1482,2000
1563,1482,2000
1563,1482,2000
1563,1482,2000
1563,1482,2000
1565,1475,2000
1568,1469,2000
1571,1463,2000
1574,1456,2000
1576,1450,2000
1576,1444,2000
1575,1438,2000
1574,1432,2000
1574,1426,2000
1573,1420,2000
1573,1418,2000
1573,1415,2000
1573,1412,2000
1573,1409,2000
1573,1406,2000
1571,1402,2000
1570,1399,2000
1568,1395,2000
1566,1391,2000
1564,1387,2000
1559,1383,2000
1554,1378,2000
1548,1374,2000
1543,1369,2000
1538,1365,2000
1533,1363,2000
1529,1360,2000
1524,1358,2000
1520,1356,2000
1515,1354,2000
1510,1354,2000
1505,1355,2000
1500,1355,2000
1495,1355,2000
1490,1356,2000
1483,1353,2000
1476,1350,2000
1468,1347,2000
1461,1345,2000
1454,1342,1000
1470,1360,1000
1486,1379,1000
1502,1397,1000
1518,1416,1000
1533,1435,2000
1533,1435,2000
1533,1435,2000
1533,1435,2000
1533,1435,2000
1533,1435,2000
1539,1436,2000
1544,1438,2000
1550,1440,2000
1556,1442,2000
1562,1444,2000
1564,1445,2000
1566,1445,2000
1569,1446,2000
1571,1446,2000
1573,1447,2000
1566,1442,2000
1559,1437,2000
1551,1432,2000
1544,1428,2000
1537,1423,2000
1534,1419,2000
1531,1416,2000
1528,1412,2000
1525,1409,2000
1522,1405,2000
1519,1400,2000
1516,1395,2000
1512,1391,2000
1509,1386,2000
1506,1381,2000
1503,1379,2000
1500,1376,2000
1497,1374,2000
1495,1371,2000
1492,1369,2000
1496,1376,2000
1499,1383,2000
1503,1390,2000
1507,1398,2000
1510,1405,2000
1511,1407,2000
1511,1409,2000
1512,1411,2000
1512,1413,2000
1513,1416,2000
1518,1420,2000
1522,1424,2000
1527,1429,2000
1531,1433,2000
1536,1438,1000
1541,1430,1000
1545,1423,1000
1549,1416,1000
1553,1409,1000
1557,1402,2000
1557,1402,2000
1557,1402,2000
1557,1402,2000
1557,1402,2000
1557,1402,2000
1558,1399,2000
1559,1397,2000
1559,1395,2000
1560,1393,2000
1561,1391,2000
1559,1389,2000
1557,1387,2000
1554,1385,2000
1552,1382,2000
1550,1380,2000
1548,1381,2000
1546,1382,2000
1544,1383,2000
1542,1384,2000
1540,1385,1000
1539,1410,1000
1537,1435,1000
1534,1461,1000
1529,1487,1000
1522,1514,2000
1522,1514,2000
1522,1514,2000
1522,1514,2000
1522,1514,2000
1522,1514,2000
1519,1513,2000
1516,1512,2000
1514,1511,2000
1511,1510,2000
1508,1509,2000
1506,1507,2000
1503,1504,2000
1501,1502,2000
1499,1499,2000
1496,1497,2000
1494,1495,2000
1493,1493,2000
1491,1492,2000
1489,1490,2000
1487,1488,2000
1485,1485,2000
1483,1482,2000
1481,1479,2000
1479,1477,2000
1477,1474,2000
1478,1476,2000
1479,1479,2000
1480,1482,2000
1481,1485,2000
1482,1488,2000
1484,1492,2000
1487,1497,2000
1490,1501,2000
1492,1506,2000
1495,1511,2000
1497,1512,2000
1499,1513,2000
1501,1514,2000
1504,1516,2000
1506,1517,2000
1508,1518,2000
1509,1519,2000
1511,1519,2000
1513,1520,2000
1514,1521,2000
1515,1520,2000
1516,1519,2000
1517,1518,2000
1518,1517,2000
1519,1516,1000
1506,1502,1000
1493,1489,1000
1480,1476,1000
1466,1463,1000
1452,1450,2000
1452,1450,2000
1452,1450,2000
1452,1450,2000
1452,1450,2000
1452,1450,2000
1449,1446,2000
1446,1442,2000
1442,1438,2000
1439,1434,2000
1436,1431,2000
1433,1428,2000
1429,1425,2000
1426,1422,2000
1423,1419,2000
1420,1417,2000
1417,1414,2000
1414,1412,2000
1412,1410,2000
1409,1408,2000
1407,1405,2000
1410,1410,2000
1413,1414,2000
1416,1419,2000
1419,1423,2000
1422,1427,2000
1423,1430,2000
1425,1432,2000
1426,1434,2000
1427,1436,2000
1429,1439,2000
1431,1441,2000
1434,1443,2000
1436,1445,2000
1439,1448,2000
1442,1450,2000
1443,1449,2000
1445,1449,2000
1446,1448,2000
1448,1448,2000
1449,1447,1000
1460,1464,1000
1471,1481,1000
1482,1499,1000
1492,1516,1000
1501,1533,2000
1501,1533,2000
1501,1533,2000
1501,1533,2000
1501,1533,2000
1501,1533,2000
1509,1534,2000
1517,1535,2000
1525,1536,2000
1532,1537,2000
1540,1538,2000
1542,1535,2000
1545,1533,2000
1548,1531,2000
1550,1529,2000
1553,1526,2000
1558,1527,2000
1563,1528,2000
1569,1529,2000
1574,1530,2000
1580,1532,2000
1585,1532,2000
1590,1532,2000
1595,1532,2000
1601,1532,2000
1606,1533,2000
1611,1530,2000
1616,1527,2000
1621,1525,2000
1625,1522,2000
1630,1520,2000
1644,1514,2000
1657,1508,2000
1669,1503,2000
1682,1498,2000
1695,1494,2000
1693,1491,2000
1692,1488,2000
1691,1486,2000
1690,1483,2000
1688,1480,2000
1683,1466,2000
1677,1451,2000
1671,1436,2000
1665,1421,2000
1658,1406,2000
1655,1409,2000
1651,1411,2000
1648,1414,2000
1645,1416,2000
1642,1419,2000
1636,1423,2000
1630,1426,2000
1624,1430,2000
1618,1434,2000
1611,1438,2000
1605,1443,2000
1599,1448,2000
1593,1454,2000
1586,1460,2000
1580,1466,2000
1566,1477,2000
1552,1489,2000
1538,1501,2000
1523,1514,2000
1507,1528,1000
1487,1505,1000
1466,1483,1000
1445,1461,1000
1423,1440,1000
1401,1419,2000
1401,1419,2000
1401,1419,2000
1401,1419,2000
1401,1419,2000
1401,1419,2000
1405,1410,2000
1409,1402,2000
1412,1393,2000
1416,1384,2000
1419,1376,2000
1425,1368,2000
1432,1361,2000
1438,1353,2000
1445,1346,2000
1451,1339,2000
1452,1337,2000
1454,1334,2000
1455,1332,2000
1457,1330,2000
1459,1328,2000
1464,1323,2000
1469,1318,2000
1474,1314,2000
1479,1309,2000
1484,1305,2000
1491,1309,2000
1497,1313,2000
1504,1317,2000
1511,1322,2000
1517,1326,2000
1524,1325,2000
1530,1325,2000
1536,1325,2000
1543,1325,2000
1549,1325,2000
1555,1325,2000
1561,1326,2000
1567,1327,2000
1573,1328,2000
1579,1329,2000
1587,1329,2000
1595,1329,2000
1604,1330,2000
1612,1331,2000
1620,1332,2000
1617,1330,2000
1615,1327,2000
1612,1325,2000
1610,1322,2000
1607,1320,2000
1597,1315,2000
1588,1311,2000
1578,1307,2000
1569,1303,2000
1559,1299,2000
1551,1296,2000
1543,1293,2000
1535,1290,2000
1527,1287,2000
1519,1285,2000
1515,1283,2000
1511,1281,2000
1508,1279,2000
1504,1278,2000
1500,1276,2000
1506,1275,2000
1511,1273,2000
1516,1272,2000
1521,1271,2000
1526,1270,2000
1520,1266,2000
1514,1262,2000
1508,1258,2000
1501,1255,2000
1495,1251,2000
1489,1248,2000
1483,1244,2000
1477,1241,2000
1471,1238,2000
1465,1234,2000
1459,1237,2000
1454,1239,2000
1449,1242,2000
1444,1245,2000
1438,1248,2000
1437,1253,2000
1436,1258,2000
1434,1262,2000
1433,1267,2000
1432,1272,2000
1428,1274,2000
1424,1275,2000
1420,1277,2000
1416,1279,2000
1412,1280,2000
1412,1274,2000
1412,1269,2000
1411,1263,2000
1411,1257,2000
1411,1251,2000
1409,1256,2000
1406,1261,2000
1404,1266,2000
1401,1271,2000
1398,1276,2000
1394,1287,2000
1390,1298,2000
1385,1310,2000
1380,1321,2000
1375,1332,2000
1374,1338,2000
1373,1344,2000
1372,1350,2000
1371,1356,2000
1370,1362,2000
1370,1364,2000
1370,1366,2000
1369,1367,2000
1369,1369,2000
1369,1371,1000
1407,1396,1000
1445,1423,1000
1482,1452,1000
1518,1482,1000
1554,1513,2000
1554,1513,2000
1554,1513,2000
1554,1513,2000
1554,1513,2000
1554,1513,2000
1560,1509,2000
1566,1505,2000
1571,1501,2000
1577,1498,2000
1583,1494,2000
1588,1490,2000
1594,1487,2000
1599,1483,2000
1604,1480,2000
1610,1477,2000
1611,1474,2000
1612,1470,2000
1613,1467,2000
1614,1463,2000
1615,1460,2000
1618,1458,2000
1620,1456,2000
1622,1454,2000
1625,1452,2000
1627,1450,1000
1621,1463,1000
1613,1476,1000
1606,1490,1000
1597,1504,1000
1589,1518,2000
1589,1518,2000
1589,1518,2000
1589,1518,2000
1589,1518,2000
1589,1518,2000
1593,1517,2000
1598,1515,2000
1602,1514,2000
1607,1513,2000
1611,1512,2000
1613,1510,2000
1615,1509,2000
1616,1507,2000
1618,1506,2000
1620,1504,2000
1624,1502,2000
1627,1499,2000
1631,1496,2000
1634,1494,2000
1638,1491,2000
1642,1487,2000
1646,1482,2000
1651,1478,2000
1655,1474,2000
1659,1470,2000
1660,1469,2000
1661,1469,2000
1661,1468,2000
1662,1467,2000
1663,1467,1000
1657,1467,1000
1652,1468,1000
1646,1468,1000
1640,1469,1000
1635,1469,2000
1635,1469,2000
1635,1469,2000
1635,1469,2000
1635,1469,2000
1635,1469,2000
1640,1464,2000
1644,1459,2000
1649,1455,2000
1654,1450,2000
1658,1446,1000
1605,1421,1000
1553,1401,1000
1501,1385,1000
1450,1374,1000
1398,1367,2000
1398,1367,2000
1398,1367,2000
1398,1367,2000
1398,1367,2000
1398,1367,2000
1402,1360,2000
1407,1353,2000
1411,1345,2000
1414,1338,2000
1418,1331,2000
1424,1324,2000
1429,1317,2000
1434,1310,2000
1440,1304,2000
1444,1297,2000
1446,1295,2000
1447,1294,2000
1448,1292,2000
1449,1290,2000
1450,1288,1000
1439,1304,1000
1426,1320,1000
1413,1337,1000
1399,1354,1000
1383,1373,2000
1383,1373,2000
1383,1373,2000
1383,1373,2000
1383,1373,2000
1383,1373,2000
1386,1365,2000
1388,1358,2000
1390,1350,2000
1392,1343,2000
1394,1335,2000
1397,1331,2000
1400,1327,2000
1402,1322,2000
1405,1318,2000
1408,1314,2000
1410,1311,2000
1412,1307,2000
1414,1304,2000
1416,1300,2000
1418,1297,2000
1419,1296,2000
1419,1295,2000
1420,1294,2000
1420,1293,2000
1421,1292,1000
1432,1290,1000
1444,1289,1000
1455,1289,1000
1466,1289,1000
1477,1289,2000
1477,1289,2000
1477,1289,2000
1477,1289,2000
1477,1289,2000
1477,1289,2000
1487,1293,2000
1497,1297,2000
1507,1301,2000
1517,1306,2000
1528,1310,2000
1530,1310,2000
1532,1310,2000
1535,1310,2000
1537,1310,2000
1540,1310,1000
1521,1301,1000
1503,1293,1000
1484,1286,1000
1466,1279,1000
1447,1272,2000
1447,1272,2000
1447,1272,2000
1447,1272,2000
1447,1272,2000
1447,1272,2000
1452,1270,2000
1456,1267,2000
1461,1265,2000
1465,1262,2000
1470,1260,2000
1472,1260,2000
1474,1260,2000
1476,1260,2000
1478,1260,2000
1480,1260,1000
1503,1316,1000
1520,1370,1000
1531,1424,1000
1538,1478,1000
1540,1532,2000
1540,1532,2000
1540,1532,2000
1540,1532,2000
1540,1532,2000
1540,1532,2000
1545,1544,2000
1549,1555,2000
1554,1567,2000
1559,1579,2000
1563,1591,2000
1543,1588,2000
1523,1586,2000
1503,1585,2000
1482,1584,2000
1461,1584,2000
1449,1585,2000
1435,1587,2000
1422,1589,2000
1408,1592,2000
1395,1594,2000
1384,1587,2000
1374,1580,2000
1363,1572,2000
1352,1565,2000
1341,1558,2000
1335,1551,2000
1329,1543,2000
1323,1536,2000
1317,1528,2000
1311,1521,2000
1312,1499,2000
1312,1478,2000
1311,1457,2000
1310,1436,2000
1308,1416,2000
1304,1405,2000
1300,1394,2000
1296,1383,2000
1291,1373,2000
1287,1362,2000
1287,1357,2000
1287,1351,2000
1287,1345,2000
1287,1340,2000
1287,1334,2000
1293,1336,2000
1299,1339,2000
1306,1341,2000
1312,1344,2000
1319,1347,2000
1329,1352,2000
1340,1358,2000
1350,1364,2000
1360,1370,2000
1370,1376,2000
1378,1389,2000
1385,1402,2000
1391,1415,2000
1398,1428,2000
1404,1441,2000
1422,1459,2000
1440,1477,2000
1457,1495,2000
1474,1514,2000
1490,1532,2000
1500,1534,2000
1510,1536,2000
1520,1538,2000
1530,1541,2000
1540,1543,1000
1499,1531,1000
1457,1521,1000
1415,1513,1000
1371,1508,1000
1325,1506,2000
1325,1506,2000
1325,1506,2000
1325,1506,2000
1325,1506,2000
1325,1506,2000
1327,1511,2000
1330,1515,2000
1332,1520,2000
1334,1524,2000
1337,1528,2000
1348,1528,2000
1360,1528,2000
1371,1527,2000
1382,1527,2000
1393,1528,2000
1397,1534,2000
1402,1541,2000
1406,1548,2000
1411,1555,2000
1415,1562,2000
1425,1568,2000
1434,1575,2000
1443,1582,2000
1452,1589,2000
1461,1596,2000
1461,1593,2000
1461,1591,2000
1461,1589,2000
1461,1586,2000
1461,1584,1000
1471,1572,1000
1479,1561,1000
1488,1551,1000
1496,1541,1000
1504,1531,2000
1504,1531,2000
1504,1531,2000
1504,1531,2000
1504,1531,2000
1504,1531,2000
1516,1522,2000
1527,1514,2000
1538,1506,2000
1548,1498,2000
1559,1491,2000
1565,1485,2000
1570,1478,2000
1576,1472,2000
1581,1466,2000
1586,1460,2000
1585,1453,2000
1584,1446,2000
1584,1439,2000
1583,1432,2000
1582,1425,2000
1585,1423,2000
1589,1421,2000
1592,1419,2000
1596,1417,2000
1599,1415,2000
1598,1412,2000
1596,1410,2000
1595,1407,2000
1594,1404,2000
1592,1401,2000
1590,1397,2000
1588,1394,2000
1586,1390,2000
1584,1386,2000
1582,1382,2000
1579,1378,2000
1575,1375,2000
1572,1371,2000
1568,1368,2000
1564,1364,2000
1561,1361,2000
1557,1357,2000
1553,1353,2000
1550,1350,2000
1546,1346,2000
1541,1347,2000
1537,1348,2000
1532,1349,2000
1528,1350,2000
1523,1351,2000
1516,1348,2000
1509,1344,2000
1503,1340,2000
1496,1337,2000
1489,1333,2000
1484,1334,2000
1478,1335,2000
1473,1336,2000
1468,1337,2000
1462,1338,2000
1458,1343,2000
1453,1348,2000
1448,1353,2000
1444,1359,2000
1439,1364,2000
1431,1375,2000
1424,1386,2000
1416,1398,2000
1408,1410,2000
1399,1422,2000
1398,1423,2000
1398,1423,2000
1397,1424,2000
1397,1424,2000
1396,1425,2000
1396,1425,2000
1395,1426,2000
1395,1427,2000
1395,1427,2000
1394,1428,1000
1418,1436,1000
1442,1444,1000
1465,1454,1000
1489,1464,1000
1512,1475,2000
1512,1475,2000
1512,1475,2000
1512,1475,2000
1512,1475,2000
1512,1475,2000
1511,1474,2000
1511,1474,2000
1510,1473,2000
1509,1473,2000
1509,1472,2000
1508,1472,2000
1507,1472,2000
1507,1472,2000
1506,1471,2000
1505,1471,2000
1505,1471,2000
1504,1472,2000
1504,1472,2000
1503,1472,2000
1502,1472,2000
1502,1473,2000
1502,1473,2000
1502,1474,2000
1502,1474,2000
1502,1475,2000
1502,1476,2000
1502,1476,2000
1502,1477,2000
1502,1478,2000
1503,1478,2000
1503,1479,2000
1504,1480,2000
1504,1480,2000
1505,1481,2000
1505,1482,2000
1506,1482,2000
1507,1483,2000
1507,1483,2000
1508,1484,2000
1509,1484,2000
1509,1485,2000
1510,1485,2000
1511,1485,2000
1511,1485,2000
1512,1485,2000
1513,1485,2000
1513,1485,2000
1514,1485,2000
1514,1485,2000
1515,1484,2000
1515,1484,2000
1515,1483,2000
1515,1483,2000
1516,1482,2000
1516,1482,2000
1516,1481,2000
1515,1480,2000
1515,1480,2000
1515,1479,2000
1515,1478,2000
1514,1478,2000
1514,1477,2000
1513,1476,2000
1513,1476,2000
1512,1475,1000
1501,1463,1000
1489,1451,1000
1478,1439,1000
1466,1427,1000
1454,1415,2000
1454,1415,2000
1454,1415,2000
1454,1415,2000
1454,1415,2000
1454,1415,2000
1453,1415,2000
1453,1415,2000
1452,1414,2000
1451,1414,2000
1450,1413,2000
1450,1413,2000
1449,1413,2000
1448,1413,2000
1448,1412,2000
1447,1412,2000
1447,1413,2000
1446,1413,2000
1446,1413,2000
1445,1413,2000
1444,1413,2000
1444,1414,2000
1444,1415,2000
1444,1415,2000
1444,1416,2000
1444,1416,2000
1444,1417,2000
1444,1418,2000
1445,1418,2000
1445,1419,2000
1445,1420,2000
1445,1420,2000
1446,1421,2000
1447,1422,2000
1447,1422,2000
1448,1423,2000
1448,1424,2000
1449,1424,2000
1450,1424,2000
1451,1425,2000
1451,1425,2000
1452,1426,2000
1453,1426,2000
1453,1426,2000
1454,1426,2000
1455,1426,2000
1455,1426,2000
1456,1426,2000
1456,1426,2000
1457,1425,2000
1457,1425,2000
1458,1424,2000
1458,1424,2000
1458,1423,2000
1458,1423,2000
1458,1422,2000
1458,1422,2000
1458,1421,2000
1457,1420,2000
1457,1420,2000
1457,1419,2000
1456,1418,2000
1456,1418,2000
1455,1417,2000
1455,1416,2000
1454,1415,1000
1449,1356,1000
1437,1297,1000
1420,1236,1000
1396,1174,1000
1366,1110,2000
1366,1110,2000
1366,1110,2000
1366,1110,2000
1366,1110,2000
1366,1110,2000
1373,1123,2000
1380,1136,2000
1387,1149,2000
1393,1161,2000
1400,1174,2000
1401,1177,2000
1402,1181,2000
1403,1184,2000
1404,1187,2000
1405,1190,2000
1410,1205,2000
1414,1219,2000
1419,1233,2000
1423,1247,2000
1427,1261,2000
1422,1239,2000
1417,1217,2000
1411,1195,2000
1404,1173,2000
1396,1150,2000
1406,1155,2000
1416,1160,2000
1426,1166,2000
1436,1172,2000
1446,1178,2000
1457,1185,2000
1468,1193,2000
1479,1200,2000
1490,1208,2000
1502,1217,2000
1505,1217,2000
1507,1218,2000
1510,1219,2000
1513,1220,2000
1516,1222,2000
1531,1236,2000
1545,1250,2000
1560,1264,2000
1574,1279,2000
1589,1293,2000
1578,1290,2000
1566,1287,2000
1555,1284,2000
1544,1283,2000
1533,1281,2000
1530,1280,2000
1527,1279,2000
1524,1278,2000
1521,1276,2000
1518,1275,1000
1537,1306,1000
1556,1337,1000
1573,1367,1000
1588,1396,1000
1603,1426,2000
1603,1426,2000
1603,1426,2000
1603,1426,2000
1603,1426,2000
1603,1426,2000
1600,1420,2000
1598,1414,2000
1595,1408,2000
1593,1402,2000
1590,1396,2000
1584,1388,2000
1578,1379,2000
1572,1371,2000
1566,1362,2000
1560,1353,2000
1553,1348,2000
1545,1342,2000
1538,1336,2000
1531,1331,2000
1524,1325,2000
1521,1323,2000
1519,1321,2000
1517,1319,2000
1515,1317,2000
1513,1315,2000
1519,1315,2000
1525,1314,2000
1531,1314,2000
1537,1314,2000
1544,1314,2000
1555,1322,2000
1566,1330,2000
1577,1338,2000
1589,1346,2000
1600,1355,2000
1607,1361,2000
1615,1368,2000
1622,1375,2000
1629,1381,2000
1637,1388,2000
1640,1396,2000
1643,1403,2000
1645,1411,2000
1648,1418,2000
1651,1425,2000
1641,1425,2000
1631,1425,2000
1621,1426,2000
1611,1426,2000
1601,1427,1000
1596,1404,1000
1590,1381,1000
1583,1358,1000
1575,1334,1000
1565,1310,2000
1565,1310,2000
1565,1310,2000
1565,1310,2000
1565,1310,2000
1565,1310,2000
1580,1325,2000
1595,1341,2000
1609,1356,2000
1624,1372,2000
1638,1387,2000
1637,1383,2000
1636,1380,2000
1635,1376,2000
1634,1372,2000
1633,1369,2000
1622,1359,2000
1612,1349,2000
1601,1339,2000
1590,1329,2000
1580,1319,2000
1577,1318,2000
1575,1317,2000
1573,1317,2000
1571,1316,2000
1568,1316,1000
1582,1325,1000
1595,1335,1000
1608,1345,1000
1622,1356,1000
1636,1366,2000
1636,1366,2000
1636,1366,2000
1636,1366,2000
1636,1366,2000
1636,1366,2000
1627,1357,2000
1618,1348,2000
1609,1339,2000
1601,1330,2000
1592,1321,1000
1586,1343,1000
1577,1367,1000
1565,1392,1000
1551,1418,1000
1535,1445,2000
1535,1445,2000
1535,1445,2000
1535,1445,2000
1535,1445,2000
1535,1445,2000
1533,1442,2000
1531,1439,2000
1528,1436,2000
1526,1433,2000
1524,1430,2000
1519,1426,2000
1514,1422,2000
1509,1418,2000
1504,1414,2000
1499,1411,2000
1500,1414,2000
1501,1417,2000
1502,1420,2000
1502,1423,2000
1503,1427,2000
1505,1429,2000
1506,1431,2000
1508,1433,2000
1509,1436,2000
1511,1438,2000
1515,1439,2000
1519,1440,2000
1523,1440,2000
1528,1441,2000
1532,1442,2000
1524,1445,2000
1516,1448,2000
1508,1452,2000
1499,1455,2000
1491,1459,2000
1496,1454,2000
1500,1450,2000
1504,1445,2000
1509,1440,2000
1513,1436,2000
1508,1439,2000
1503,1442,2000
1498,1444,2000
1492,1447,2000
1487,1451,2000
1485,1449,2000
1482,1448,2000
1480,1447,2000
1478,1445,2000
1475,1444,2000
1475,1442,2000
1475,1440,2000
1474,1437,2000
1474,1435,2000
1473,1433,2000
1476,1434,2000
1479,1435,2000
1482,1436,2000
1485,1436,2000
1487,1437,2000
1489,1432,2000
1491,1427,2000
1493,1423,2000
1495,1418,2000
1497,1413,2000
1501,1415,2000
1505,1417,2000
1509,1419,2000
1513,1422,2000
1518,1424,1000
1507,1425,1000
1497,1426,1000
1486,1427,1000
1476,1428,1000
1465,1430,2000
1465,1430,2000
1465,1430,2000
1465,1430,2000
1465,1430,2000
1465,1430,2000
1464,1426,2000
1462,1422,2000
1461,1418,2000
1460,1414,2000
1458,1411,2000
1454,1409,2000
1450,1407,2000
1446,1405,2000
1442,1403,2000
1438,1401,2000
1437,1400,2000
1435,1399,2000
1434,1398,2000
1433,1396,2000
1431,1395,2000
1434,1401,2000
1436,1406,2000
1438,1412,2000
1440,1417,2000
1442,1423,2000
1445,1425,2000
1447,1427,2000
1450,1430,2000
1453,1432,2000
1455,1434,2000
1457,1434,2000
1458,1433,2000
1460,1433,2000
1461,1433,2000
1463,1432,2000
1464,1433,2000
1466,1434,2000
1468,1434,2000
1470,1435,2000
1471,1436,2000
1471,1435,2000
1470,1434,2000
1469,1434,2000
1469,1433,2000
1468,1433,1000
1473,1439,1000
1478,1445,1000
1483,1452,1000
1487,1458,1000
1492,1464,2000
1492,1464,2000
1492,1464,2000
1492,1464,2000
1492,1464,2000
1492,1464,2000
1494,1468,2000
1496,1472,2000
1499,1476,2000
1501,1480,2000
1503,1484,2000
1506,1487,2000
1509,1490,2000
1512,1493,2000
1515,1496,2000
1518,1500,2000
1519,1499,2000
1520,1498,2000
1521,1497,2000
1522,1496,2000
1523,1495,2000
1523,1494,2000
1524,1494,2000
1524,1494,2000
1525,1493,2000
1525,1493,2000
1523,1490,2000
1521,1487,2000
1519,1484,2000
1517,1481,2000
1515,1478,2000
1512,1475,2000
1509,1472,2000
1506,1469,2000
1503,1466,2000
1500,1463,2000
1499,1464,2000
1498,1465,2000
1497,1465,2000
1496,1466,2000
1495,1467,1000
1530,1432,1000
1560,1402,1000
1586,1375,1000
1609,1352,1000
1627,1333,2000
1627,1333,2000
1627,1333,2000
1627,1333,2000
1627,1333,2000
1627,1333,2000
1632,1343,2000
1637,1354,2000
1642,1364,2000
1646,1374,2000
1651,1384,2000
1655,1391,2000
1660,1399,2000
1664,1407,2000
1669,1415,2000
1673,1422,2000
1675,1426,2000
1676,1431,2000
1677,1435,2000
1679,1439,2000
1680,1443,2000
1682,1449,2000
1684,1455,2000
1687,1461,2000
1689,1467,2000
1691,1473,2000
1695,1482,2000
1700,1491,2000
1704,1500,2000
1709,1508,2000
1713,1517,2000
1716,1519,2000
1720,1520,2000
1723,1522,2000
1726,1523,2000
1730,1525,2000
1729,1522,2000
1728,1519,2000
1728,1516,2000
1727,1514,2000
1726,1511,2000
1724,1506,2000
1722,1501,2000
1720,1497,2000
1719,1492,2000
1717,1488,2000
1714,1480,2000
1712,1472,2000
1709,1464,2000
1707,1456,2000
1704,1448,2000
1708,1455,2000
1713,1462,2000
1718,1469,2000
1722,1476,2000
1726,1483,2000
1730,1489,2000
1734,1495,2000
1737,1501,2000
1740,1507,2000
1744,1513,2000
1747,1521,2000
1750,1528,2000
1752,1535,2000
1755,1542,2000
1758,1549,2000
1761,1553,2000
1763,1557,2000
1766,1561,2000
1769,1565,2000
1772,1569,2000
1774,1568,2000
1777,1567,2000
1779,1566,2000
1782,1566,2000
1784,1565,2000
1783,1562,2000
1783,1559,2000
1782,1556,2000
1782,1554,2000
1781,1551,2000
1780,1545,2000
1778,1540,2000
1777,1534,2000
1775,1529,2000
1773,1523,2000
1770,1518,2000
1766,1513,2000
1762,1508,2000
1759,1503,2000
1755,1498,2000
1753,1494,2000
1751,1489,2000
1748,1485,2000
1746,1480,2000
1744,1475,2000
1752,1485,2000
1760,1495,2000
1768,1505,2000
1776,1515,2000
1783,1525,2000
1787,1530,2000
1790,1535,2000
1794,1540,2000
1797,1545,2000
1801,1550,2000
1802,1553,2000
1803,1555,2000
1804,1558,2000
1805,1560,2000
1807,1563,2000
1810,1565,2000
1813,1567,2000
1816,1569,2000
1819,1571,2000
1822,1573,2000
1822,1571,2000
1822,1568,2000
1821,1565,2000
1821,1562,2000
1821,1560,2000
1818,1554,2000
1814,1548,2000
1811,1542,2000
1808,1536,2000
1804,1530,2000
1800,1524,2000
1796,1518,2000
1792,1512,2000
1787,1506,2000
1783,1500,2000
1782,1498,2000
1781,1496,2000
1781,1495,2000
1780,1493,2000
1779,1491,2000
1784,1496,2000
1789,1501,2000
1795,1505,2000
1800,1510,2000
1805,1515,2000
1810,1518,2000
1814,1521,2000
1819,1524,2000
1823,1528,2000
1828,1531,2000
1828,1531,2000
1828,1531,2000
1829,1531,2000
1829,1530,2000
1830,1530,1000
1830,1532,1000
1831,1534,1000
1832,1536,1000
1833,1537,1000
1833,1539,2000
1833,1539,2000
1833,1539,2000
1833,1539,2000
1833,1539,2000
1833,1539,2000
1833,1545,2000
1832,1550,2000
1831,1556,2000
1830,1562,2000
1828,1567,2000
1828,1568,2000
1828,1569,2000
1827,1570,2000
1827,1571,2000
1827,1572,1000
1823,1563,1000
1820,1553,1000
1816,1544,1000
1811,1534,1000
1807,1524,2000
1807,1524,2000
1807,1524,2000
1807,1524,2000
1807,1524,2000
1807,1524,2000
1807,1526,2000
1807,1528,2000
1807,1530,2000
1808,1532,2000
1808,1534,1000
1792,1530,1000
1777,1526,1000
1761,1523,1000
1746,1521,1000
1731,1519,2000
1731,1519,2000
1731,1519,2000
1731,1519,2000
1731,1519,2000
1731,1519,2000
1733,1518,2000
1735,1517,2000
1737,1516,2000
1739,1515,2000
1742,1514,1000
1737,1509,1000
1732,1504,1000
1727,1498,1000
1722,1493,1000
1717,1488,2000
1717,1488,2000
1717,1488,2000
1717,1488,2000
1717,1488,2000
1717,1488,2000
1718,1486,2000
1720,1484,2000
1721,1482,2000
1723,1480,2000
1725,1478,2000
1724,1478,2000
1723,1479,2000
1722,1479,2000
1722,1479,2000
1721,1480,1000
1733,1494,1000
1745,1508,1000
1758,1523,1000
1769,1537,1000
1781,1551,2000
1781,1551,2000
1781,1551,2000
1781,1551,2000
1781,1551,2000
1781,1551,2000
1784,1549,2000
1787,1547,2000
1790,1545,2000
1793,1543,2000
1796,1541,1000
1788,1535,1000
1781,1528,1000
1773,1521,1000
1766,1514,1000
1758,1508,2000
1758,1508,2000
1758,1508,2000
1758,1508,2000
1758,1508,2000
1758,1508,2000
1761,1508,2000
1763,1508,2000
1766,1508,2000
1768,1508,2000
1771,1509,1000
1752,1492,1000
1733,1475,1000
1714,1459,1000
1696,1442,1000
1677,1426,2000
1677,1426,2000
1677,1426,2000
1677,1426,2000
1677,1426,2000
1677,1426,2000
1682,1430,2000
1686,1433,2000
1691,1437,2000
1695,1440,2000
1700,1444,2000
1699,1443,2000
1699,1442,2000
1698,1441,2000
1698,1440,2000
1698,1439,2000
1692,1435,2000
1686,1430,2000
1681,1426,2000
1675,1422,2000
1669,1418,2000
1670,1420,2000
1671,1422,2000
1672,1424,2000
1673,1426,2000
1674,1428,1000
1680,1432,1000
1686,1436,1000
1692,1440,1000
1698,1444,1000
1704,1448,2000
1704,1448,2000
1704,1448,2000
1704,1448,2000
1704,1448,2000
1704,1448,2000
1709,1451,2000
1714,1454,2000
1719,1457,2000
1725,1461,2000
1730,1464,2000
1732,1465,2000
1733,1465,2000
1735,1466,2000
1736,1466,2000
1738,1467,2000
1737,1465,2000
1735,1463,2000
1734,1461,2000
1733,1459,2000
1732,1458,2000
1726,1454,2000
1720,1451,2000
1714,1448,2000
1709,1445,2000
1703,1442,2000
1703,1443,2000
1703,1444,2000
1703,1445,2000
1704,1446,2000
1704,1448,2000
1704,1448,2000
1705,1449,2000
1706,1450,2000
1707,1451,2000
1707,1452,1000
1712,1454,1000
1717,1456,1000
1722,1458,1000
1727,1461,1000
1732,1463,2000
1732,1463,2000
1732,1463,2000
1732,1463,2000
1732,1463,2000
1732,1463,2000
1737,1466,2000
1743,1468,2000
1748,1470,2000
1753,1473,2000
1759,1475,2000
1758,1474,2000
1757,1472,2000
1756,1470,2000
1755,1468,2000
1754,1466,2000
1751,1463,2000
1748,1459,2000
1744,1456,2000
1741,1453,2000
1738,1449,2000
1736,1449,2000
1733,1449,2000
1731,1449,2000
1729,1448,2000
1727,1448,2000
1728,1451,2000
1729,1454,2000
1730,1457,2000
1731,1460,2000
1500,1500,1000