1654,1660,2000
1654,1660,2000
1655,1660,2000
1655,1661,2000
1656,1661,2000
1657,1661,2000
1657,1661,2000
1658,1661,2000
1658,1662,2000
1659,1662,2000
1659,1662,2000
1660,1662,2000
1661,1662,2000
1661,1663,2000
1662,1663,2000
1662,1663,2000
1663,1663,2000
1664,1664,2000
1664,1664,2000
1665,1664,2000
1665,1664,2000
1666,1664,2000
1667,1665,2000
1667,1665,2000
1668,1665,2000
1668,1665,2000
1669,1665,2000
1670,1666,2000
1670,1666,2000
1671,1666,2000
1671,1666,2000
1672,1667,2000
1672,1667,2000
1673,1667,2000
1674,1667,2000
1674,1667,2000
1675,1668,2000
1675,1668,2000
1676,1668,2000
1677,1668,2000
1677,1669,2000
1678,1669,2000
1678,1669,2000
1679,1669,2000
1680,1670,2000
1680,1670,2000
1681,1670,2000
1681,1670,2000
1682,1670,2000
1682,1671,2000
1683,1671,2000
1684,1671,2000
1684,1670,2000
1685,1670,2000
1686,1670,2000
1686,1670,2000
1687,1670,2000
1687,1670,2000
1688,1670,2000
1689,1670,2000
1689,1670,2000
1690,1670,2000
1691,1670,2000
1691,1669,2000
1692,1669,2000
1692,1669,2000
1693,1669,2000
1694,1669,2000
1694,1669,2000
1695,1669,2000
1695,1669,2000
1696,1669,2000
1697,1669,2000
1697,1669,2000
1698,1669,2000
1699,1669,2000
1699,1668,2000
1700,1668,2000
1700,1668,2000
1701,1668,2000
1702,1668,2000
1702,1668,2000
1703,1668,2000
1703,1668,2000
1704,1668,2000
1705,1668,2000
1705,1668,2000
1706,1668,2000
1707,1668,2000
1707,1668,2000
1708,1668,2000
1708,1667,2000
1709,1667,2000
1710,1667,2000
1710,1667,2000
1711,1667,2000
1711,1667,2000
1712,1667,2000
1713,1667,2000
1713,1667,2000
1713,1667,2000
1713,1666,2000
1714,1666,2000
1714,1665,2000
1714,1665,2000
1714,1664,2000
1714,1664,2000
1714,1663,2000
1714,1663,2000
1714,1662,2000
1714,1662,2000
1714,1662,2000
1714,1661,2000
1715,1661,2000
1715,1660,2000
1715,1660,2000
1715,1659,2000
1715,1659,2000
1715,1658,2000
1715,1658,2000
1715,1658,2000
1715,1657,2000
1715,1657,2000
1715,1656,2000
1715,1656,2000
1716,1655,2000
1716,1655,2000
1716,1654,2000
1716,1654,2000
1716,1654,2000
1716,1653,2000
1716,1653,2000
1716,1652,2000
1716,1652,2000
1716,1651,2000
1716,1651,2000
1716,1650,2000
1716,1650,2000
1717,1650,2000
1717,1649,2000
1717,1649,2000
1717,1648,2000
1717,1648,2000
1717,1647,2000
1717,1647,2000
1717,1646,2000
1717,1646,2000
1717,1646,2000
1717,1645,2000
1717,1645,2000
1717,1644,2000
1717,1643,2000
1717,1642,2000
1717,1642,2000
1717,1641,2000
1717,1640,2000
1717,1639,2000
1717,1639,2000
1717,1638,2000
1716,1637,2000
1716,1636,2000
1716,1636,2000
1716,1635,2000
1716,1634,2000
1716,1633,2000
1716,1633,2000
1716,1632,2000
1716,1631,2000
1716,1630,2000
1715,1630,2000
1715,1629,2000
1715,1628,2000
1715,1627,2000
1715,1627,2000
1715,1626,2000
1715,1625,2000
1715,1624,2000
1715,1624,2000
1715,1623,2000
1714,1622,2000
1714,1621,2000
1714,1621,2000
1714,1620,2000
1714,1619,2000
1714,1618,2000
1714,1618,2000
1714,1617,2000
1714,1616,2000
1713,1615,2000
1713,1615,2000
1713,1614,2000
1713,1613,2000
1713,1612,2000
1713,1612,2000
1713,1611,2000
1713,1610,2000
1712,1609,2000
1712,1609,2000
1712,1608,2000
1712,1607,2000
1712,1607,2000
1712,1607,2000
1712,1607,2000
1712,1606,2000
1712,1606,2000
1712,1606,2000
1712,1606,2000
1712,1605,2000
1712,1605,2000
1712,1605,2000
1712,1605,2000
1713,1604,2000
1713,1604,2000
1713,1604,2000
1713,1604,2000
1713,1604,2000
1713,1603,2000
1713,1603,2000
1713,1603,2000
1713,1603,2000
1713,1602,2000
1713,1602,2000
1713,1602,2000
1713,1602,2000
1713,1602,2000
1713,1601,2000
1713,1601,2000
1713,1601,2000
1713,1601,2000
1713,1600,2000
1713,1600,2000
1713,1600,2000
1713,1600,2000
1714,1599,2000
1714,1599,2000
1714,1599,2000
1714,1599,2000
1714,1599,2000
1714,1598,2000
1714,1598,2000
1714,1598,2000
1714,1598,2000
1714,1597,2000
1714,1597,2000
1714,1597,2000
1714,1597,2000
1714,1596,2000
1714,1596,2000
1714,1596,2000
1714,1596,2000
1715,1596,2000
1715,1595,2000
1716,1595,2000
1716,1595,2000
1717,1595,2000
1718,1595,2000
1718,1594,2000
1719,1594,2000
1719,1594,2000
1720,1594,2000
1720,1594,2000
1721,1593,2000
1722,1593,2000
1722,1593,2000
1723,1593,2000
1723,1593,2000
1724,1592,2000
1725,1592,2000
1725,1592,2000
1726,1592,2000
1726,1592,2000
1727,1591,2000
1727,1591,2000
1728,1591,2000
1729,1591,2000
1729,1591,2000
1730,1590,2000
1730,1590,2000
1731,1590,2000
1731,1590,2000
1732,1590,2000
1732,1590,2000
1733,1589,2000
1734,1589,2000
1734,1589,2000
1735,1589,2000
1735,1589,2000
1736,1588,2000
1736,1588,2000
1737,1588,2000
1738,1588,2000
1738,1588,2000
1739,1588,2000
1739,1587,2000
1740,1587,2000
1740,1587,2000
1741,1587,2000
1742,1587,2000
1742,1587,2000
1743,1586,2000
1743,1587,2000
1744,1587,2000
1745,1587,2000
1745,1588,2000
1746,1588,2000
1747,1588,2000
1747,1588,2000
1748,1589,2000
1749,1589,2000
1749,1589,2000
1750,1590,2000
1751,1590,2000
1751,1590,2000
1752,1591,2000
1753,1591,2000
1753,1591,2000
1754,1591,2000
1755,1592,2000
1755,1592,2000
1756,1592,2000
1757,1593,2000
1757,1593,2000
1758,1593,2000
1759,1594,2000
1759,1594,2000
1760,1594,2000
1761,1595,2000
1761,1595,2000
1762,1595,2000
1763,1595,2000
1763,1596,2000
1764,1596,2000
1765,1596,2000
1765,1597,2000
1766,1597,2000
1767,1597,2000
1767,1598,2000
1768,1598,2000
1769,1598,2000
1769,1599,2000
1770,1599,2000
1771,1599,2000
1772,1600,2000
1772,1600,2000
1773,1600,2000
1774,1601,2000
1774,1601,2000
1775,1601,2000
1776,1602,2000
1776,1602,2000
1777,1602,2000
1778,1603,2000
1779,1603,2000
1780,1604,2000
1781,1604,2000
1782,1605,2000
1783,1605,2000
1784,1606,2000
1785,1606,2000
1786,1607,2000
1787,1607,2000
1788,1608,2000
1789,1608,2000
1790,1609,2000
1791,1609,2000
1792,1610,2000
1794,1610,2000
1795,1611,2000
1796,1611,2000
1797,1612,2000
1798,1612,2000
1799,1613,2000
1800,1613,2000
1801,1614,2000
1802,1614,2000
1803,1615,2000
1804,1615,2000
1805,1616,2000
1806,1616,2000
1807,1617,2000
1808,1617,2000
1809,1618,2000
1810,1618,2000
1811,1619,2000
1812,1620,2000
1813,1620,2000
1814,1621,2000
1815,1621,2000
1816,1622,2000
1817,1622,2000
1818,1623,2000
1819,1623,2000
1820,1624,2000
1821,1624,2000
1822,1625,2000
1823,1625,2000
1824,1626,2000
1825,1626,2000
1826,1627,2000
1827,1628,2000
1828,1628,2000
1828,1628,2000
1828,1628,2000
1828,1629,2000
1829,1629,2000
1829,1629,2000
1829,1630,2000
1829,1630,2000
1830,1630,2000
1830,1631,2000
1830,1631,2000
1830,1631,2000
1831,1631,2000
1831,1632,2000
1831,1632,2000
1831,1632,2000
1832,1633,2000
1832,1633,2000
1832,1633,2000
1832,1634,2000
1832,1634,2000
1833,1634,2000
1833,1635,2000
1833,1635,2000
1833,1635,2000
1834,1635,2000
1834,1636,2000
1834,1636,2000
1834,1636,2000
1835,1637,2000
1835,1637,2000
1835,1637,2000
1835,1638,2000
1836,1638,2000
1836,1638,2000
1836,1638,2000
1836,1639,2000
1837,1639,2000
1837,1639,2000
1837,1640,2000
1837,1640,2000
1837,1640,2000
1838,1641,2000
1838,1641,2000
1838,1641,2000
1838,1641,2000
1839,1642,2000
1839,1642,2000
1839,1642,2000
1839,1643,1000
1837,1639,1000
1834,1635,1000
1831,1631,1000
1828,1628,1000
1825,1624,1000
1822,1620,1000
1819,1617,1000
1816,1613,1000
1814,1609,1000
1811,1605,1000
1808,1602,1000
1805,1598,1000
1802,1594,1000
1799,1590,1000
1795,1587,1000
1792,1583,1000
1789,1579,1000
1786,1576,1000
1783,1572,1000
1780,1568,1000
1777,1564,1000
1774,1561,1000
1771,1557,1000
1767,1553,1000
1764,1549,1000
1761,1546,1000
1758,1542,1000
1754,1538,1000
1751,1534,1000
1748,1531,1000
1745,1527,1000
1741,1523,1000
1738,1519,1000
1735,1516,1000
1731,1512,1000
1728,1508,1000
1725,1504,1000
1721,1501,1000
1718,1497,1000
1715,1493,1000
1711,1489,1000
1708,1486,1000
1704,1482,1000
1701,1478,1000
1697,1474,1000
1694,1471,1000
1690,1467,1000
1687,1463,1000
1684,1459,1000
1680,1456,2000
1678,1457,2000
1676,1459,2000
1674,1460,2000
1672,1462,2000
1670,1463,2000
1668,1465,2000
1666,1466,2000
1664,1468,2000
1662,1470,2000
1660,1471,2000
1658,1473,2000
1656,1475,2000
1654,1477,2000
1651,1478,2000
1649,1480,2000
1647,1482,2000
1645,1484,2000
1643,1486,2000
1640,1488,2000
1638,1489,2000
1636,1491,2000
1634,1493,2000
1631,1495,2000
1629,1497,2000
1627,1499,2000
1624,1501,2000
1622,1503,2000
1620,1505,2000
1617,1508,2000
1615,1510,2000
1612,1512,2000
1610,1514,2000
1607,1516,2000
1605,1518,2000
1602,1521,2000
1600,1523,2000
1597,1525,2000
1595,1528,2000
1592,1530,2000
1590,1532,2000
1587,1535,2000
1584,1537,2000
1582,1540,2000
1579,1542,2000
1576,1545,2000
1574,1547,2000
1571,1550,2000
1568,1552,2000
1565,1555,2000
1562,1558,1000
1564,1556,1000
1565,1554,1000
1566,1553,1000
1568,1551,1000
1569,1550,1000
1570,1548,1000
1572,1546,1000
1573,1545,1000
1574,1543,1000
1576,1542,1000
1577,1540,1000
1578,1539,1000
1579,1537,1000
1581,1536,1000
1582,1534,1000
1583,1533,1000
1584,1531,1000
1586,1530,1000
1587,1528,1000
1588,1527,1000
1589,1525,1000
1590,1524,1000
1592,1522,1000
1593,1521,1000
1594,1520,1000
1595,1518,1000
1596,1517,1000
1598,1515,1000
1599,1514,1000
1600,1512,1000
1601,1511,1000
1602,1510,1000
1603,1508,1000
1604,1507,1000
1605,1506,1000
1607,1504,1000
1608,1503,1000
1609,1501,1000
1610,1500,1000
1611,1499,1000
1612,1497,1000
1613,1496,1000
1614,1495,1000
1615,1493,1000
1616,1492,1000
1617,1491,1000
1618,1489,1000
1619,1488,1000
1620,1487,1000
1621,1486,2000
1620,1485,2000
1618,1484,2000
1616,1484,2000
1614,1483,2000
1612,1482,2000
1610,1481,2000
1609,1481,2000
1607,1480,2000
1605,1479,2000
1603,1479,2000
1601,1478,2000
1599,1478,2000
1598,1477,2000
1596,1476,2000
1594,1476,2000
1592,1475,2000
1590,1474,2000
1588,1474,2000
1587,1473,2000
1585,1473,2000
1583,1472,2000
1581,1471,2000
1579,1471,2000
1577,1470,2000
1576,1470,2000
1574,1469,2000
1572,1468,2000
1570,1468,2000
1568,1467,2000
1566,1467,2000
1565,1466,2000
1563,1466,2000
1561,1465,2000
1559,1465,2000
1557,1464,2000
1555,1464,2000
1554,1463,2000
1552,1463,2000
1550,1462,2000
1548,1462,2000
1546,1461,2000
1544,1461,2000
1543,1460,2000
1541,1460,2000
1539,1459,2000
1537,1459,2000
1535,1458,2000
1533,1458,2000
1532,1457,2000
1530,1457,1000
1532,1457,1000
1533,1458,1000
1535,1458,1000
1537,1458,1000
1539,1459,1000
1540,1459,1000
1542,1460,1000
1544,1460,1000
1546,1461,1000
1547,1461,1000
1549,1461,1000
1551,1462,1000
1553,1462,1000
1555,1463,1000
1556,1463,1000
1558,1464,1000
1560,1464,1000
1562,1465,1000
1563,1465,1000
1565,1466,1000
1567,1466,1000
1569,1466,1000
1570,1467,1000
1572,1467,1000
1574,1468,1000
1576,1468,1000
1577,1469,1000
1579,1470,1000
1581,1470,1000
1583,1471,1000
1585,1471,1000
1586,1472,1000
1588,1472,1000
1590,1473,1000
1592,1473,1000
1593,1474,1000
1595,1474,1000
1597,1475,1000
1599,1476,1000
1600,1476,1000
1602,1477,1000
1604,1477,1000
1606,1478,1000
1608,1478,1000
1609,1479,1000
1611,1480,1000
1613,1480,1000
1615,1481,1000
1616,1482,1000
1618,1482,2000
1618,1480,2000
1617,1477,2000
1617,1475,2000
1617,1473,2000
1616,1470,2000
1616,1468,2000
1615,1466,2000
1615,1463,2000
1614,1461,2000
1614,1459,2000
1614,1456,2000
1613,1454,2000
1612,1451,2000
1612,1449,2000
1611,1447,2000
1611,1444,2000
1610,1442,2000
1610,1440,2000
1609,1437,2000
1609,1435,2000
1608,1433,2000
1607,1430,2000
1607,1428,2000
1606,1425,2000
1606,1423,2000
1605,1421,2000
1604,1418,2000
1603,1416,2000
1603,1414,2000
1602,1411,2000
1601,1409,2000
1601,1406,2000
1600,1404,2000
1599,1402,2000
1598,1399,2000
1598,1397,2000
1597,1395,2000
1596,1392,2000
1595,1390,2000
1594,1387,2000
1594,1385,2000
1593,1383,2000
1592,1380,2000
1591,1378,2000
1590,1375,2000
1589,1373,2000
1588,1371,2000
1587,1368,2000
1586,1366,2000
1585,1363,1000
1583,1364,1000
1580,1364,1000
1577,1365,1000
1574,1366,1000
1571,1366,1000
1568,1367,1000
1565,1368,1000
1563,1368,1000
1560,1369,1000
1557,1370,1000
1554,1371,1000
1551,1371,1000
1548,1372,1000
1545,1373,1000
1542,1374,1000
1539,1375,1000
1536,1376,1000
1533,1377,1000
1530,1378,1000
1527,1379,1000
1524,1380,1000
1521,1382,1000
1518,1383,1000
1515,1384,1000
1512,1385,1000
1509,1386,1000
1505,1388,1000
1502,1389,1000
1499,1390,1000
1496,1392,1000
1493,1393,1000
1490,1394,1000
1486,1396,1000
1483,1397,1000
1480,1399,1000
1477,1400,1000
1474,1402,1000
1470,1404,1000
1467,1405,1000
1464,1407,1000
1460,1408,1000
1457,1410,1000
1454,1412,1000
1450,1414,1000
1447,1415,1000
1443,1417,1000
1440,1419,1000
1436,1421,1000
1433,1423,1000
1429,1425,2000
1429,1423,2000
1429,1420,2000
1428,1418,2000
1428,1416,2000
1427,1414,2000
1427,1411,2000
1427,1409,2000
1426,1407,2000
1426,1405,2000
1425,1403,2000
1425,1400,2000
1425,1398,2000
1424,1396,2000
1424,1394,2000
1423,1391,2000
1423,1389,2000
1422,1387,2000
1422,1385,2000
1421,1383,2000
1421,1380,2000
1420,1378,2000
1420,1376,2000
1419,1374,2000
1419,1372,2000
1418,1369,2000
1418,1367,2000
1417,1365,2000
1417,1363,2000
1416,1360,2000
1415,1358,2000
1415,1356,2000
1414,1354,2000
1414,1352,2000
1413,1349,2000
1412,1347,2000
1412,1345,2000
1411,1343,2000
1411,1341,2000
1410,1338,2000
1409,1336,2000
1409,1334,2000
1408,1332,2000
1407,1329,2000
1407,1327,2000
1406,1325,2000
1405,1323,2000
1405,1321,2000
1404,1318,2000
1403,1316,2000
1402,1314,2000
1403,1312,2000
1404,1311,2000
1405,1309,2000
1405,1308,2000
1406,1306,2000
1407,1305,2000
1408,1303,2000
1408,1302,2000
1409,1300,2000
1410,1298,2000
1410,1297,2000
1411,1295,2000
1412,1294,2000
1412,1292,2000
1413,1291,2000
1414,1289,2000
1414,1288,2000
1415,1286,2000
1416,1285,2000
1416,1283,2000
1417,1282,2000
1417,1280,2000
1418,1279,2000
1419,1277,2000
1419,1276,2000
1420,1274,2000
1420,1273,2000
1421,1271,2000
1422,1270,2000
1422,1268,2000
1423,1267,2000
1423,1265,2000
1424,1264,2000
1424,1262,2000
1425,1261,2000
1425,1259,2000
1426,1258,2000
1426,1257,2000
1427,1255,2000
1427,1254,2000
1428,1252,2000
1428,1251,2000
1429,1249,2000
1429,1248,2000
1430,1246,2000
1430,1245,2000
1430,1243,2000
1431,1242,2000
1431,1240,2000
1432,1239,1000
1431,1240,1000
1431,1241,1000
1430,1243,1000
1430,1244,1000
1429,1245,1000
1429,1246,1000
1428,1247,1000
1428,1248,1000
1427,1250,1000
1426,1251,1000
1426,1252,1000
1425,1253,1000
1425,1254,1000
1424,1256,1000
1424,1257,1000
1423,1258,1000
1422,1259,1000
1422,1261,1000
1421,1262,1000
1421,1263,1000
1420,1264,1000
1419,1265,1000
1419,1267,1000
1418,1268,1000
1418,1269,1000
1417,1270,1000
1416,1272,1000
1416,1273,1000
1415,1274,1000
1414,1275,1000
1414,1276,1000
1413,1278,1000
1412,1279,1000
1412,1280,1000
1411,1281,1000
1410,1283,1000
1410,1284,1000
1409,1285,1000
1408,1286,1000
1408,1288,1000
1407,1289,1000
1406,1290,1000
1405,1292,1000
1405,1293,1000
1404,1294,1000
1403,1295,1000
1402,1297,1000
1402,1298,1000
1401,1299,1000
1400,1300,2000
1399,1301,2000
1397,1301,2000
1396,1302,2000
1395,1302,2000
1393,1302,2000
1392,1303,2000
1391,1303,2000
1389,1303,2000
1388,1304,2000
1387,1304,2000
1385,1305,2000
1384,1305,2000
1382,1305,2000
1381,1306,2000
1380,1306,2000
1378,1307,2000
1377,1307,2000
1375,1307,2000
1374,1308,2000
1373,1308,2000
1371,1309,2000
1370,1309,2000
1368,1310,2000
1367,1310,2000
1366,1311,2000
1364,1311,2000
1363,1312,2000
1361,1312,2000
1360,1312,2000
1359,1313,2000
1357,1313,2000
1356,1314,2000
1354,1314,2000
1353,1315,2000
1351,1315,2000
1350,1316,2000
1348,1316,2000
1347,1317,2000
1346,1317,2000
1344,1318,2000
1343,1318,2000
1341,1319,2000
1340,1320,2000
1338,1320,2000
1337,1321,2000
1335,1321,2000
1334,1322,2000
1332,1322,2000
1331,1323,2000
1500,1500,1000