1917,1849,2000
1920,1854,2000
1923,1860,2000
1927,1865,2000
1930,1870,2000
1936,1876,2000
1943,1881,2000
1950,1886,2000
1956,1891,2000
1963,1897,2000
1966,1894,2000
1968,1890,2000
1971,1887,2000
1974,1884,2000
1976,1881,2000
1974,1876,2000
1972,1871,2000
1970,1867,2000
1968,1862,2000
1966,1857,2000
1965,1851,2000
1964,1846,2000
1963,1840,2000
1962,1834,2000
1960,1829,2000
1967,1828,2000
1973,1827,2000
1979,1826,2000
1985,1825,2000
1991,1824,2000
1995,1829,2000
1999,1833,2000
2003,1838,2000
2006,1842,2000
2010,1847,2000
2012,1850,2000
2015,1853,2000
2017,1856,2000
2019,1859,2000
2021,1862,2000
2023,1867,2000
2026,1873,2000
2028,1878,2000
2031,1884,2000
2033,1889,1000
2003,1868,1000
1974,1847,1000
1944,1828,1000
1914,1809,1000
1884,1791,2000
1901,1785,2000
1919,1780,2000
1936,1776,2000
1953,1772,2000
1971,1770,1000
1961,1771,1000
1951,1772,1000
1941,1773,1000
1931,1775,1000
1921,1777,2000
1909,1769,2000
1896,1762,2000
1884,1755,2000
1871,1747,2000
1859,1740,1000
1873,1748,1000
1887,1755,1000
1901,1763,1000
1916,1771,1000
1930,1779,2000
1931,1769,2000
1931,1759,2000
1931,1749,2000
1931,1739,2000
1930,1729,1000
1908,1724,1000
1886,1720,1000
1865,1716,1000
1843,1714,1000
1822,1712,2000
1827,1701,2000
1832,1690,2000
1837,1680,2000
1841,1669,2000
1845,1659,2000
1830,1653,2000
1815,1648,2000
1800,1643,2000
1785,1638,2000
1770,1634,1000
1785,1639,1000
1801,1644,1000
1817,1650,1000
1832,1656,1000
1848,1663,2000
1855,1661,2000
1861,1660,2000
1867,1659,2000
1873,1657,2000
1880,1656,1000
1866,1640,1000
1851,1623,1000
1837,1606,1000
1822,1589,1000
1806,1573,2000
1790,1577,2000
1774,1583,2000
1757,1590,2000
1740,1598,2000
1723,1607,2000
1728,1585,2000
1733,1565,2000
1736,1544,2000
1738,1524,2000
1739,1505,2000
1727,1508,2000
1715,1512,2000
1702,1516,2000
1690,1521,2000
1677,1527,1000
1669,1518,1000
1661,1508,1000
1652,1499,1000
1644,1490,1000
1635,1481,2000
1622,1467,2000
1608,1454,2000
1594,1440,2000
1580,1427,2000
1566,1414,1000
1579,1426,1000
1592,1440,1000
1605,1453,1000
1617,1466,1000
1630,1479,2000
1641,1471,2000
1652,1463,2000
1662,1455,2000
1672,1448,2000
1682,1442,2000
1665,1425,2000
1648,1409,2000
1631,1392,2000
1613,1376,2000
1596,1359,1000
1608,1378,1000
1618,1398,1000
1628,1416,1000
1638,1435,1000
1647,1454,2000
1637,1444,2000
1627,1434,2000
1616,1424,2000
1606,1414,2000
1596,1405,1000
1578,1394,1000
1561,1384,1000
1543,1374,1000
1526,1364,1000
1509,1355,2000
1490,1339,2000
1470,1323,2000
1451,1308,2000
1432,1292,2000
1413,1278,1000
1423,1286,1000
1434,1294,1000
1444,1302,1000
1454,1310,1000
1464,1318,2000
1471,1306,2000
1477,1295,2000
1482,1283,2000
1487,1272,2000
1500,1500,1000