1618,1301,2000
1613,1295,2000
1607,1290,2000
1601,1284,2000
1596,1279,2000
1590,1273,2000
1584,1268,2000
1579,1262,2000
1573,1257,2000
1568,1251,2000
1562,1246,2000
1557,1241,2000
1552,1236,2000
1546,1231,2000
1541,1226,2000
1536,1221,2000
1531,1216,2000
1525,1211,2000
1520,1206,2000
1515,1201,2000
1510,1197,2000
1505,1192,2000
1500,1187,2000
1495,1183,2000
1490,1179,2000
1485,1174,2000
1481,1170,2000
1476,1167,2000
1471,1163,2000
1467,1159,2000
1462,1155,2000
1458,1151,2000
1453,1148,2000
1449,1144,2000
1445,1141,2000
1440,1138,2000
1436,1135,2000
1432,1132,2000
1428,1129,2000
1424,1127,2000
1421,1124,2000
1417,1122,2000
1413,1119,2000
1409,1117,2000
1406,1115,2000
1402,1113,2000
1399,1111,2000
1396,1109,2000
1392,1107,2000
1389,1106,2000
1386,1104,2000
1383,1103,2000
1380,1102,2000
1377,1101,2000
1374,1100,2000
1371,1099,2000
1368,1098,2000
1366,1097,2000
1363,1097,2000
1360,1096,2000
1358,1096,2000
1356,1096,2000
1353,1095,2000
1351,1095,2000
1349,1095,2000
1347,1095,2000
1345,1096,2000
1343,1096,2000
1341,1096,2000
1338,1096,2000
1337,1097,2000
1335,1098,2000
1334,1099,2000
1332,1099,2000
1330,1100,2000
1329,1101,2000
1328,1102,2000
1327,1104,2000
1325,1105,2000
1324,1106,2000
1323,1108,2000
1322,1109,2000
1321,1110,2000
1320,1112,2000
1319,1113,2000
1319,1115,2000
1318,1117,2000
1318,1119,2000
1317,1121,2000
1316,1123,2000
1316,1125,2000
1316,1127,2000
1316,1129,2000
1316,1131,2000
1315,1134,2000
1315,1136,2000
1316,1138,2000
1316,1141,2000
1316,1143,2000
1316,1146,2000
1316,1148,2000
1317,1151,2000
1317,1154,2000
1318,1156,2000
1318,1159,2000
1319,1162,2000
1320,1165,2000
1320,1168,2000
1321,1171,2000
1322,1173,2000
1323,1177,2000
1324,1180,2000
1325,1183,2000
1326,1186,2000
1328,1189,2000
1329,1192,2000
1330,1196,2000
1332,1199,2000
1333,1202,2000
1335,1205,2000
1336,1209,2000
1338,1212,2000
1340,1216,2000
1342,1219,2000
1343,1222,2000
1345,1226,2000
1347,1229,2000
1349,1233,2000
1351,1237,2000
1353,1240,2000
1356,1244,2000
1358,1247,2000
1360,1251,2000
1362,1255,2000
1365,1258,2000
1367,1262,2000
1370,1266,2000
1372,1270,2000
1375,1273,2000
1378,1277,2000
1380,1281,2000
1383,1285,2000
1386,1289,2000
1389,1292,2000
1391,1296,2000
1391,1300,2000
1391,1304,2000
1390,1308,2000
1390,1311,2000
1390,1315,2000
1387,1314,2000
1385,1314,2000
1382,1313,2000
1380,1313,2000
1377,1312,2000
1375,1312,2000
1373,1312,2000
1371,1312,2000
1369,1311,2000
1366,1311,2000
1364,1311,2000
1362,1311,2000
1360,1311,2000
1358,1311,2000
1356,1311,2000
1354,1311,2000
1352,1312,2000
1350,1312,2000
1349,1312,2000
1347,1312,2000
1345,1313,2000
1343,1313,2000
1342,1314,2000
1340,1314,2000
1338,1315,2000
1337,1316,2000
1335,1317,2000
1334,1317,2000
1333,1318,2000
1331,1319,2000
1330,1320,2000
1329,1321,2000
1328,1322,2000
1326,1323,2000
1325,1324,2000
1324,1325,2000
1323,1326,2000
1322,1327,2000
1321,1329,2000
1320,1330,2000
1319,1331,2000
1319,1333,2000
1318,1334,2000
1317,1335,2000
1316,1337,2000
1316,1338,2000
1315,1340,2000
1315,1342,2000
1314,1343,2000
1314,1345,2000
1314,1346,2000
1313,1348,2000
1313,1350,2000
1313,1352,2000
1312,1354,2000
1312,1355,2000
1312,1357,2000
1312,1359,2000
1312,1361,2000
1312,1363,2000
1312,1365,2000
1313,1367,2000
1313,1369,2000
1313,1371,2000
1313,1373,2000
1314,1376,2000
1314,1378,2000
1315,1380,2000
1315,1382,2000
1316,1384,2000
1316,1386,2000
1317,1389,2000
1318,1391,2000
1318,1393,2000
1319,1395,2000
1320,1398,2000
1321,1400,2000
1322,1402,2000
1323,1405,2000
1323,1407,2000
1325,1410,2000
1326,1412,2000
1327,1415,2000
1328,1417,2000
1329,1419,2000
1330,1422,2000
1332,1425,2000
1333,1427,2000
1335,1430,2000
1336,1432,2000
1337,1435,2000
1339,1437,2000
1340,1440,2000
1342,1442,2000
1343,1445,2000
1345,1447,2000
1347,1450,2000
1349,1453,2000
1350,1455,2000
1352,1458,2000
1354,1460,2000
1356,1463,2000
1358,1466,2000
1360,1468,2000
1362,1471,2000
1364,1474,2000
1366,1476,2000
1368,1479,2000
1370,1481,2000
1372,1484,2000
1374,1486,2000
1376,1489,2000
1379,1492,2000
1381,1494,2000
1383,1497,2000
1385,1499,2000
1388,1502,2000
1390,1504,2000
1392,1507,2000
1395,1510,2000
1397,1512,2000
1399,1515,2000
1402,1517,2000
1404,1520,2000
1406,1522,2000
1409,1525,2000
1412,1527,2000
1414,1530,2000
1417,1532,2000
1419,1535,2000
1422,1537,2000
1424,1539,2000
1427,1542,2000
1430,1544,2000
1432,1547,2000
1435,1549,2000
1437,1551,2000
1440,1554,2000
1443,1556,2000
1445,1558,2000
1448,1560,2000
1451,1562,2000
1453,1565,2000
1456,1567,2000
1459,1569,2000
1461,1571,2000
1464,1573,2000
1467,1575,2000
1469,1577,2000
1472,1580,2000
1475,1581,2000
1477,1583,2000
1480,1585,2000
1483,1587,2000
1485,1589,2000
1488,1591,2000
1491,1593,2000
1494,1595,2000
1496,1596,2000
1499,1598,2000
1502,1600,2000
1504,1601,2000
1507,1603,2000
1510,1605,2000
1512,1606,2000
1515,1608,2000
1518,1609,2000
1520,1610,2000
1523,1612,2000
1525,1613,2000
1528,1615,2000
1531,1616,2000
1533,1617,2000
1536,1618,2000
1538,1620,2000
1541,1621,2000
1543,1622,2000
1546,1623,2000
1548,1624,2000
1551,1625,2000
1553,1626,2000
1556,1626,2000
1558,1627,2000
1561,1628,2000
1563,1629,2000
1565,1629,2000
1567,1630,2000
1570,1631,2000
1572,1631,2000
1574,1632,2000
1576,1632,2000
1578,1633,2000
1581,1633,2000
1583,1633,2000
1585,1634,2000
1587,1634,2000
1589,1634,2000
1591,1634,2000
1593,1634,2000
1595,1635,2000
1597,1634,2000
1599,1634,2000
1601,1634,2000
1603,1634,2000
1605,1634,2000
1606,1634,2000
1608,1633,2000
1610,1633,2000
1612,1633,2000
1613,1632,2000
1615,1632,2000
1616,1631,2000
1618,1631,2000
1619,1630,2000
1621,1630,2000
1622,1629,2000
1624,1628,2000
1625,1627,2000
1626,1626,2000
1628,1626,2000
1629,1625,2000
1630,1623,2000
1631,1622,2000
1632,1621,2000
1633,1620,2000
1634,1619,2000
1635,1618,2000
1636,1617,2000
1637,1615,2000
1638,1614,2000
1638,1613,2000
1639,1611,2000
1640,1610,2000
1640,1608,2000
1641,1607,2000
1642,1605,2000
1642,1603,2000
1643,1602,2000
1643,1600,2000
1643,1598,2000
1643,1596,2000
1644,1594,2000
1644,1593,2000
1644,1591,2000
1644,1589,2000
1644,1587,2000
1644,1585,2000
1644,1583,2000
1643,1581,2000
1643,1578,2000
1643,1576,2000
1643,1574,2000
1642,1572,2000
1642,1570,2000
1641,1567,2000
1641,1565,2000
1640,1562,2000
1639,1560,2000
1639,1557,2000
1638,1555,2000
1637,1552,2000
1636,1550,2000
1635,1547,2000
1634,1545,2000
1633,1542,2000
1634,1541,2000
1635,1541,2000
1635,1540,2000
1636,1539,2000
1636,1538,2000
1640,1541,2000
1644,1544,2000
1648,1547,2000
1652,1550,2000
1656,1553,2000
1660,1555,2000
1664,1558,2000
1668,1561,2000
1672,1563,2000
1676,1566,2000
1680,1568,2000
1683,1571,2000
1687,1573,2000
1691,1576,2000
1695,1578,2000
1699,1580,2000
1702,1582,2000
1706,1585,2000
1710,1587,2000
1713,1589,2000
1717,1591,2000
1721,1593,2000
1724,1595,2000
1728,1597,2000
1731,1598,2000
1735,1600,2000
1738,1602,2000
1742,1603,2000
1745,1605,2000
1749,1607,2000
1752,1608,2000
1755,1609,2000
1758,1611,2000
1762,1612,2000
1765,1613,2000
1768,1614,2000
1771,1615,2000
1774,1616,2000
1777,1618,2000
1780,1619,2000
1783,1619,2000
1786,1620,2000
1789,1621,2000
1792,1621,2000
1795,1622,2000
1797,1622,2000
1800,1623,2000
1803,1623,2000
1805,1623,2000
1808,1624,2000
1810,1624,2000
1812,1624,2000
1815,1624,2000
1817,1624,2000
1819,1624,2000
1821,1624,2000
1824,1623,2000
1826,1623,2000
1828,1623,2000
1830,1622,2000
1831,1622,2000
1833,1621,2000
1835,1620,2000
1837,1620,2000
1838,1619,2000
1840,1618,2000
1841,1617,2000
1842,1616,2000
1843,1615,2000
1845,1614,2000
1846,1612,2000
1847,1611,2000
1848,1610,2000
1849,1608,2000
1850,1607,2000
1850,1605,2000
1851,1604,2000
1851,1602,2000
1852,1600,2000
1852,1599,2000
1852,1596,2000
1852,1594,2000
1852,1592,2000
1852,1590,2000
1852,1588,2000
1852,1585,2000
1851,1583,2000
1851,1581,2000
1850,1578,2000
1850,1576,2000
1849,1573,2000
1848,1570,2000
1847,1567,2000
1846,1565,2000
1844,1562,2000
1843,1559,2000
1841,1555,2000
1840,1552,2000
1838,1549,2000
1837,1546,2000
1835,1543,2000
1833,1539,2000
1831,1536,2000
1828,1532,2000
1826,1529,2000
1824,1525,2000
1821,1521,2000
1818,1517,2000
1815,1513,2000
1812,1509,2000
1809,1505,2000
1806,1501,2000
1803,1497,2000
1800,1493,2000
1796,1489,2000
1793,1484,2000
1789,1479,2000
1785,1475,2000
1781,1470,2000
1777,1466,2000
1773,1461,2000
1769,1456,2000
1764,1451,2000
1760,1447,2000
1756,1442,2000
1751,1437,2000
1746,1432,2000
1741,1426,2000
1737,1421,2000
1732,1416,2000
1727,1411,2000
1722,1406,2000
1717,1400,2000
1711,1395,2000
1706,1390,2000
1701,1384,2000
1696,1379,2000
1690,1374,2000
1685,1368,2000
1680,1363,2000
1674,1357,2000
1669,1351,2000
1663,1346,2000
1657,1340,2000
1652,1335,2000
1646,1329,2000
1641,1323,2000
1635,1318,2000
1629,1312,2000
1624,1306,1000
1617,1316,1000
1609,1326,1000
1600,1338,1000
1589,1352,1000
1576,1366,2000
1576,1366,2000
1576,1366,2000
1576,1366,2000
1576,1366,2000
1576,1366,2000
1574,1365,2000
1572,1363,2000
1570,1361,2000
1568,1360,2000
1566,1358,2000
1564,1358,2000
1562,1357,2000
1560,1356,2000
1558,1356,2000
1556,1355,2000
1555,1355,2000
1554,1356,2000
1553,1356,2000
1552,1357,2000
1550,1357,2000
1550,1358,2000
1550,1360,2000
1550,1361,2000
1549,1363,2000
1549,1364,2000
1550,1366,2000
1551,1368,2000
1551,1370,2000
1552,1372,2000
1553,1374,2000
1554,1376,2000
1556,1378,2000
1557,1380,2000
1559,1382,2000
1561,1384,2000
1563,1385,2000
1565,1387,2000
1567,1388,2000
1569,1390,2000
1571,1391,2000
1572,1392,2000
1574,1392,2000
1576,1393,2000
1578,1394,2000
1580,1394,2000
1581,1394,2000
1583,1393,2000
1584,1393,2000
1585,1393,2000
1587,1392,2000
1587,1391,2000
1587,1390,2000
1587,1388,2000
1588,1387,2000
1588,1386,2000
1587,1384,2000
1587,1382,2000
1586,1380,2000
1585,1378,2000
1584,1376,2000
1583,1374,2000
1581,1372,2000
1579,1370,2000
1578,1368,2000
1576,1366,1000
1584,1357,1000
1591,1348,1000
1598,1340,1000
1605,1332,1000
1610,1325,2000
1610,1325,2000
1610,1325,2000
1610,1325,2000
1610,1325,2000
1610,1325,2000
1608,1323,2000
1606,1321,2000
1604,1319,2000
1601,1317,2000
1599,1316,2000
1597,1315,2000
1595,1314,2000
1594,1313,2000
1592,1312,2000
1590,1311,2000
1589,1311,2000
1588,1311,2000
1587,1311,2000
1586,1311,2000
1585,1311,2000
1585,1313,2000
1585,1314,2000
1585,1315,2000
1585,1316,2000
1585,1318,2000
1586,1320,2000
1587,1322,2000
1588,1324,2000
1589,1326,2000
1590,1328,2000
1592,1330,2000
1594,1332,2000
1596,1334,2000
1598,1336,2000
1600,1338,2000
1602,1340,2000
1604,1342,2000
1606,1344,2000
1608,1346,2000
1611,1347,2000
1612,1348,2000
1614,1349,2000
1616,1350,2000
1618,1351,2000
1620,1352,2000
1621,1352,2000
1622,1352,2000
1623,1352,2000
1625,1352,2000
1626,1352,2000
1626,1351,2000
1626,1349,2000
1626,1348,2000
1626,1347,2000
1626,1346,2000
1625,1344,2000
1624,1342,2000
1622,1340,2000
1621,1338,2000
1620,1336,2000
1618,1334,2000
1616,1332,2000
1614,1330,2000
1612,1327,2000
1610,1325,1000
1607,1356,1000
1598,1388,1000
1585,1422,1000
1568,1458,1000
1547,1496,2000
1547,1496,2000
1547,1496,2000
1547,1496,2000
1547,1496,2000
1547,1496,2000
1545,1495,2000
1543,1494,2000
1541,1492,2000
1539,1491,2000
1537,1490,2000
1535,1490,2000
1533,1489,2000
1532,1489,2000
1530,1489,2000
1528,1488,2000
1526,1489,2000
1524,1490,2000
1523,1490,2000
1521,1491,2000
1520,1492,2000
1519,1493,2000
1518,1495,2000
1517,1497,2000
1517,1498,2000
1516,1500,2000
1516,1502,2000
1516,1504,2000
1516,1506,2000
1517,1508,2000
1517,1510,2000
1518,1511,2000
1519,1513,2000
1520,1515,2000
1521,1517,2000
1522,1519,2000
1524,1520,2000
1526,1521,2000
1528,1523,2000
1530,1524,2000
1532,1525,2000
1533,1525,2000
1535,1526,2000
1537,1526,2000
1539,1526,2000
1541,1527,2000
1543,1526,2000
1545,1525,2000
1546,1524,2000
1548,1524,2000
1550,1523,2000
1550,1522,2000
1551,1520,2000
1552,1518,2000
1553,1517,2000
1554,1515,2000
1553,1513,2000
1553,1511,2000
1553,1510,2000
1553,1508,2000
1553,1506,2000
1551,1504,2000
1550,1502,2000
1549,1500,2000
1548,1498,2000
1547,1496,1000
1528,1477,1000
1509,1459,1000
1490,1440,1000
1471,1422,1000
1452,1405,2000
1452,1405,2000
1452,1405,2000
1452,1405,2000
1452,1405,2000
1452,1405,2000
1450,1404,2000
1448,1402,2000
1446,1401,2000
1444,1400,2000
1442,1399,2000
1440,1399,2000
1438,1399,2000
1436,1399,2000
1434,1399,2000
1433,1399,2000
1431,1399,2000
1430,1400,2000
1428,1401,2000
1427,1402,2000
1425,1403,2000
1424,1405,2000
1424,1407,2000
1423,1408,2000
1423,1410,2000
1422,1412,2000
1422,1414,2000
1423,1416,2000
1423,1418,2000
1423,1420,2000
1424,1421,2000
1425,1423,2000
1426,1425,2000
1428,1427,2000
1429,1429,2000
1430,1430,2000
1432,1431,2000
1434,1432,2000
1436,1433,2000
1438,1435,2000
1440,1436,2000
1442,1436,2000
1444,1436,2000
1446,1436,2000
1448,1436,2000
1450,1436,2000
1451,1435,2000
1453,1434,2000
1454,1433,2000
1456,1433,2000
1457,1432,2000
1458,1430,2000
1459,1428,2000
1459,1427,2000
1460,1425,2000
1460,1423,2000
1460,1422,2000
1460,1420,2000
1459,1418,2000
1459,1416,2000
1458,1414,2000
1457,1412,2000
1456,1410,2000
1454,1408,2000
1453,1406,2000
1452,1405,1000
1474,1418,1000
1495,1433,1000
1517,1447,1000
1539,1463,1000
1560,1478,2000
1560,1478,2000
1560,1478,2000
1560,1478,2000
1560,1478,2000
1560,1478,2000
1559,1476,2000
1559,1473,2000
1558,1471,2000
1557,1468,2000
1557,1465,2000
1556,1463,2000
1554,1460,2000
1553,1457,2000
1552,1455,2000
1551,1452,2000
1549,1449,2000
1547,1447,2000
1546,1444,2000
1544,1442,2000
1542,1439,2000
1540,1436,2000
1538,1434,2000
1536,1431,2000
1534,1429,2000
1532,1426,2000
1530,1424,2000
1528,1422,2000
1525,1420,2000
1523,1418,2000
1521,1416,2000
1518,1414,2000
1516,1412,2000
1513,1410,2000
1511,1408,2000
1508,1406,2000
1505,1404,2000
1503,1403,2000
1500,1401,2000
1498,1400,2000
1495,1398,2000
1492,1397,2000
1490,1396,2000
1487,1395,2000
1484,1394,2000
1482,1393,2000
1479,1392,2000
1476,1392,2000
1474,1391,2000
1471,1391,2000
1469,1390,1000
1460,1422,1000
1449,1455,1000
1435,1489,1000
1418,1525,1000
1398,1564,2000
1398,1564,2000
1398,1564,2000
1398,1564,2000
1398,1564,2000
1398,1564,2000
1399,1560,2000
1399,1556,2000
1400,1552,2000
1400,1548,2000
1401,1545,2000
1400,1541,2000
1400,1537,2000
1400,1534,2000
1400,1530,2000
1400,1526,2000
1399,1523,2000
1399,1519,2000
1398,1516,2000
1398,1512,2000
1397,1509,2000
1397,1505,2000
1396,1502,2000
1395,1499,2000
1394,1495,2000
1393,1492,2000
1391,1488,2000
1390,1485,2000
1389,1482,2000
1388,1479,2000
1386,1475,2000
1385,1472,2000
1383,1469,2000
1381,1466,2000
1380,1463,2000
1378,1460,2000
1376,1457,2000
1374,1454,2000
1372,1451,2000
1370,1448,2000
1368,1445,2000
1366,1442,2000
1364,1439,2000
1362,1437,2000
1359,1434,2000
1357,1431,2000
1355,1429,2000
1352,1426,2000
1350,1424,2000
1347,1421,2000
1345,1419,2000
1342,1416,2000
1339,1414,2000
1336,1412,2000
1333,1409,2000
1331,1407,2000
1328,1405,2000
1324,1403,2000
1321,1401,2000
1318,1399,2000
1315,1397,2000
1312,1395,2000
1309,1394,2000
1306,1392,2000
1302,1390,2000
1299,1389,2000
1296,1388,2000
1293,1386,2000
1289,1385,2000
1286,1383,2000
1283,1382,2000
1279,1381,2000
1275,1380,2000
1272,1379,2000
1268,1378,2000
1265,1377,1000
1278,1383,1000
1291,1389,1000
1305,1394,1000
1318,1401,1000
1331,1407,2000
1331,1407,2000
1331,1407,2000
1331,1407,2000
1331,1407,2000
1331,1407,2000
1304,1420,2000
1276,1434,2000
1246,1449,2000
1213,1467,2000
1175,1487,2000
1191,1508,2000
1205,1530,2000
1218,1553,2000
1231,1577,2000
1242,1601,2000
1281,1578,2000
1314,1558,2000
1345,1541,2000
1374,1525,2000
1400,1511,1000
1381,1454,1000
1358,1397,1000
1331,1342,1000
1301,1288,1000
1267,1234,2000
1267,1234,2000
1267,1234,2000
1267,1234,2000
1267,1234,2000
1267,1234,2000
1267,1233,2000
1267,1232,2000
1267,1231,2000
1267,1230,2000
1267,1229,2000
1267,1228,2000
1267,1227,2000
1267,1226,2000
1267,1225,2000
1267,1224,2000
1267,1223,2000
1267,1222,2000
1266,1221,2000
1266,1220,2000
1266,1219,2000
1265,1218,2000
1265,1217,2000
1264,1216,2000
1264,1214,2000
1264,1213,2000
1263,1212,2000
1262,1211,2000
1262,1210,2000
1261,1209,2000
1261,1208,2000
1260,1207,2000
1259,1206,2000
1258,1206,2000
1257,1205,2000
1257,1204,2000
1256,1203,2000
1255,1202,2000
1254,1201,2000
1253,1200,2000
1252,1199,2000
1251,1199,2000
1250,1198,2000
1249,1197,2000
1248,1197,2000
1247,1196,2000
1246,1195,2000
1245,1195,2000
1244,1194,2000
1243,1194,2000
1242,1193,2000
1241,1193,2000
1240,1193,2000
1239,1192,2000
1238,1192,2000
1237,1192,1000
1242,1196,1000
1247,1200,1000
1253,1205,1000
1258,1209,1000
1264,1213,2000
1264,1213,2000
1264,1213,2000
1264,1213,2000
1264,1213,2000
1264,1213,2000
1280,1214,2000
1296,1216,2000
1312,1217,2000
1328,1220,2000
1343,1222,1000
1426,1288,1000
1507,1361,1000
1586,1437,1000
1662,1517,1000
1731,1598,2000
1731,1598,2000
1731,1598,2000
1731,1598,2000
1731,1598,2000
1731,1598,2000
1735,1614,2000
1739,1630,2000
1741,1646,2000
1744,1662,2000
1746,1678,1000
1750,1684,1000
1755,1689,1000
1760,1694,1000
1764,1699,1000
1769,1705,2000
1769,1705,2000
1769,1705,2000
1769,1705,2000
1769,1705,2000
1769,1705,2000
1769,1704,2000
1768,1703,2000
1768,1701,2000
1767,1700,2000
1767,1699,2000
1766,1698,2000
1766,1697,2000
1765,1696,2000
1765,1695,2000
1764,1694,2000
1763,1693,2000
1762,1692,2000
1762,1691,2000
1761,1690,2000
1760,1689,2000
1759,1688,2000
1758,1688,2000
1758,1687,2000
1757,1686,2000
1756,1685,2000
1755,1684,2000
1754,1683,2000
1753,1683,2000
1752,1682,2000
1751,1681,2000
1750,1681,2000
1749,1680,2000
1748,1680,2000
1747,1679,2000
1746,1678,2000
1745,1678,2000
1744,1678,2000
1743,1677,2000
1741,1677,2000
1740,1676,2000
1739,1676,2000
1738,1676,2000
1737,1676,2000
1736,1675,2000
1735,1675,2000
1734,1675,2000
1733,1675,2000
1732,1675,2000
1731,1675,2000
1730,1675,2000
1729,1675,2000
1728,1675,2000
1727,1675,2000
1726,1676,2000
1725,1676,1000
1774,1688,1000
1824,1703,1000
1874,1722,1000
1925,1744,1000
1977,1769,2000
1977,1769,2000
1977,1769,2000
1977,1769,2000
1977,1769,2000
1977,1769,2000
1976,1768,2000
1975,1766,2000
1974,1765,2000
1972,1763,2000
1971,1762,2000
1969,1760,2000
1967,1759,2000
1966,1758,2000
1964,1757,2000
1962,1756,2000
1961,1756,2000
1959,1756,2000
1958,1755,2000
1956,1755,2000
1954,1755,2000
1953,1756,2000
1952,1756,2000
1951,1757,2000
1950,1757,2000
1949,1758,2000
1949,1759,2000
1949,1760,2000
1948,1761,2000
1948,1763,2000
1948,1764,2000
1948,1766,2000
1949,1767,2000
1950,1769,2000
1950,1770,2000
1951,1772,2000
1952,1773,2000
1953,1775,2000
1955,1776,2000
1956,1778,2000
1957,1779,2000
1959,1780,2000
1960,1781,2000
1962,1782,2000
1964,1783,2000
1966,1784,2000
1967,1785,2000
1969,1785,2000
1970,1785,2000
1972,1785,2000
1973,1786,2000
1975,1785,2000
1976,1784,2000
1977,1784,2000
1978,1783,2000
1979,1783,2000
1979,1782,2000
1980,1780,2000
1980,1779,2000
1980,1778,2000
1981,1777,2000
1980,1775,2000
1979,1774,2000
1979,1772,2000
1978,1771,2000
1977,1769,1000
1917,1756,1000
1857,1748,1000
1799,1746,1000
1741,1751,1000
1682,1763,2000
1682,1763,2000
1682,1763,2000
1682,1763,2000
1682,1763,2000
1682,1763,2000
1681,1762,2000
1680,1760,2000
1679,1759,2000
1677,1758,2000
1676,1757,2000
1675,1756,2000
1673,1756,2000
1671,1755,2000
1670,1755,2000
1668,1755,2000
1667,1755,2000
1665,1756,2000
1664,1757,2000
1662,1757,2000
1661,1758,2000
1659,1759,2000
1658,1761,2000
1657,1762,2000
1656,1763,2000
1655,1765,2000
1654,1767,2000
1654,1769,2000
1654,1771,2000
1653,1772,2000
1653,1774,2000
1653,1776,2000
1654,1778,2000
1654,1780,2000
1654,1781,2000
1655,1783,2000
1656,1784,2000
1657,1786,2000
1658,1787,2000
1659,1788,2000
1661,1789,2000
1662,1790,2000
1664,1790,2000
1665,1790,2000
1667,1791,2000
1669,1791,2000
1670,1790,2000
1672,1790,2000
1673,1789,2000
1675,1788,2000
1676,1788,2000
1678,1786,2000
1679,1785,2000
1680,1783,2000
1681,1782,2000
1682,1781,2000
1683,1779,2000
1683,1777,2000
1684,1775,2000
1684,1773,2000
1684,1771,2000
1684,1770,2000
1683,1768,2000
1683,1766,2000
1683,1764,2000
1682,1763,1000
1641,1744,1000
1599,1727,1000
1556,1712,1000
1512,1701,1000
1466,1692,2000
1466,1692,2000
1466,1692,2000
1466,1692,2000
1466,1692,2000
1466,1692,2000
1464,1691,2000
1463,1690,2000
1462,1689,2000
1460,1688,2000
1459,1687,2000
1457,1688,2000
1455,1688,2000
1453,1688,2000
1452,1688,2000
1450,1688,2000
1448,1690,2000
1446,1691,2000
1444,1692,2000
1443,1693,2000
1441,1695,2000
1439,1697,2000
1438,1699,2000
1437,1701,2000
1435,1702,2000
1434,1704,2000
1434,1707,2000
1433,1709,2000
1433,1711,2000
1432,1714,2000
1432,1716,2000
1432,1718,2000
1433,1719,2000
1433,1721,2000
1434,1723,2000
1434,1725,2000
1436,1726,2000
1437,1726,2000
1438,1727,2000
1440,1728,2000
1441,1729,2000
1443,1729,2000
1445,1728,2000
1447,1728,2000
1449,1728,2000
1451,1728,2000
1453,1726,2000
1454,1725,2000
1456,1723,2000
1458,1722,2000
1460,1721,2000
1461,1719,2000
1462,1717,2000
1464,1715,2000
1465,1713,2000
1466,1711,2000
1467,1709,2000
1467,1707,2000
1468,1705,2000
1468,1702,2000
1469,1700,2000
1468,1699,2000
1467,1697,2000
1467,1695,2000
1466,1694,2000
1466,1692,1000
1443,1679,1000
1419,1667,1000
1394,1656,1000
1369,1645,1000
1343,1636,2000
1343,1636,2000
1343,1636,2000
1343,1636,2000
1343,1636,2000
1343,1636,2000
1342,1635,2000
1340,1635,2000
1339,1634,2000
1337,1633,2000
1336,1633,2000
1333,1633,2000
1331,1634,2000
1329,1634,2000
1327,1635,2000
1325,1635,2000
1323,1637,2000
1321,1638,2000
1319,1640,2000
1316,1641,2000
1314,1643,2000
1313,1645,2000
1311,1647,2000
1310,1650,2000
1308,1652,2000
1306,1654,2000
1306,1656,2000
1305,1659,2000
1305,1661,2000
1304,1663,2000
1303,1666,2000
1304,1667,2000
1305,1669,2000
1305,1671,2000
1306,1672,2000
1307,1674,2000
1308,1675,2000
1310,1675,2000
1312,1676,2000
1313,1676,2000
1315,1677,2000
1317,1676,2000
1320,1676,2000
1322,1675,2000
1324,1674,2000
1326,1674,2000
1329,1672,2000
1331,1670,2000
1333,1669,2000
1335,1667,2000
1337,1665,2000
1339,1663,2000
1340,1661,2000
1342,1659,2000
1343,1657,2000
1345,1655,2000
1345,1652,2000
1346,1650,2000
1346,1648,2000
1346,1646,2000
1347,1644,2000
1346,1642,2000
1345,1641,2000
1345,1639,2000
1344,1638,2000
1343,1636,1000
1328,1558,1000
1306,1487,1000
1277,1420,1000
1242,1356,1000
1202,1294,2000
1202,1294,2000
1202,1294,2000
1202,1294,2000
1202,1294,2000
1202,1294,2000
1201,1294,2000
1199,1293,2000
1197,1293,2000
1195,1292,2000
1194,1292,2000
1192,1292,2000
1190,1293,2000
1188,1293,2000
1186,1294,2000
1184,1294,2000
1183,1296,2000
1182,1297,2000
1180,1298,2000
1179,1299,2000
1177,1300,2000
1177,1302,2000
1176,1304,2000
1175,1305,2000
1175,1307,2000
1174,1308,2000
1174,1310,2000
1175,1312,2000
1175,1313,2000
1176,1315,2000
1176,1317,2000
1177,1318,2000
1178,1319,2000
1180,1320,2000
1181,1321,2000
1182,1322,2000
1184,1322,2000
1186,1323,2000
1188,1323,2000
1189,1324,2000
1191,1324,2000
1193,1323,2000
1195,1323,2000
1197,1322,2000
1199,1322,2000
1201,1322,2000
1202,1320,2000
1204,1319,2000
1205,1318,2000
1206,1317,2000
1208,1316,2000
1208,1314,2000
1209,1312,2000
1210,1311,2000
1210,1309,2000
1211,1308,2000
1210,1306,2000
1210,1305,2000
1209,1303,2000
1209,1301,2000
1209,1300,2000
1207,1299,2000
1206,1297,2000
1205,1296,2000
1204,1295,2000
1202,1294,1000
1199,1260,1000
1193,1226,1000
1185,1192,1000
1176,1158,1000
1165,1124,2000
1165,1124,2000
1165,1124,2000
1165,1124,2000
1165,1124,2000
1165,1124,2000
1164,1124,2000
1162,1123,2000
1160,1123,2000
1159,1123,2000
1157,1122,2000
1156,1123,2000
1154,1123,2000
1152,1124,2000
1151,1124,2000
1149,1125,2000
1148,1126,2000
1148,1127,2000
1147,1128,2000
1146,1129,2000
1145,1131,2000
1145,1132,2000
1145,1134,2000
1144,1135,2000
1144,1137,2000
1144,1138,2000
1145,1140,2000
1146,1141,2000
1146,1143,2000
1147,1144,2000
1148,1146,2000
1149,1147,2000
1151,1148,2000
1152,1149,2000
1153,1150,2000
1155,1151,2000
1157,1152,2000
1158,1152,2000
1160,1152,2000
1162,1153,2000
1163,1153,2000
1165,1153,2000
1167,1152,2000
1168,1152,2000
1170,1151,2000
1171,1151,2000
1172,1150,2000
1173,1149,2000
1174,1147,2000
1175,1146,2000
1176,1145,2000
1176,1144,2000
1176,1142,2000
1176,1141,2000
1176,1139,2000
1177,1137,2000
1176,1136,2000
1175,1134,2000
1174,1133,2000
1173,1131,2000
1173,1130,2000
1171,1129,2000
1170,1127,2000
1168,1126,2000
1167,1125,2000
1500,1500,1000