1994,1635,2000
1982,1623,2000
1970,1612,2000
1958,1601,2000
1945,1589,2000
1933,1577,2000
1920,1566,2000
1907,1554,2000
1894,1542,2000
1880,1530,2000
1867,1518,2000
1853,1505,2000
1840,1493,2000
1826,1481,2000
1812,1468,2000
1798,1455,2000
1785,1443,2000
1771,1430,2000
1757,1417,2000
1743,1404,2000
1729,1391,2000
1715,1377,2000
1701,1364,2000
1687,1351,2000
1673,1337,2000
1660,1324,2000
1646,1310,2000
1632,1296,2000
1619,1283,2000
1605,1269,2000
1592,1255,2000
1578,1241,2000
1565,1228,2000
1552,1214,2000
1539,1200,2000
1526,1186,2000
1513,1173,2000
1500,1159,2000
1488,1145,2000
1475,1132,2000
1463,1118,2000
1451,1105,2000
1438,1092,2000
1426,1078,2000
1414,1066,2000
1402,1053,2000
1391,1040,2000
1379,1028,2000
1367,1015,2000
1500,1500,1000