340.0 236.0 1
347.0 235.8 1
353.9 235.4 1
360.7 234.6 1
367.4 233.6 1
373.8 232.3 1
380.0 230.6 1
385.9 228.8 1
391.4 226.6 1
396.6 224.3 1
401.3 221.7 1
405.5 218.9 1
409.3 216.0 1
412.5 212.9 1
415.2 209.7 1
417.3 206.4 1
418.8 202.9 1
419.7 199.5 1
420.0 196.0 1
419.7 192.5 1
418.8 189.1 1
417.3 185.6 1
415.2 182.3 1
412.5 179.1 1
409.3 176.0 1
405.5 173.1 1
401.3 170.3 1
396.6 167.7 1
391.4 165.4 1
385.9 163.2 1
380.0 161.4 1
372.1 161.2 1
375.4 159.7 1
378.3 158.1 1
381.0 156.3 1
383.3 154.5 1
385.3 152.6 1
387.0 150.6 1
388.3 148.5 1
389.2 146.3 1
389.8 144.2 1
390.0 142.0 1
389.8 139.8 1
389.2 137.7 1
388.3 135.5 1
387.0 133.4 1
385.3 131.4 1
383.3 129.5 1
381.0 127.7 1
378.3 125.9 1
375.4 124.3 1
372.1 122.8 1
368.7 121.5 1
365.0 120.3 1
361.1 119.3 1
357.1 118.5 1
352.9 117.9 1
348.7 117.4 1
344.4 117.1 1
340.0 117.0 1
335.6 117.1 1
331.3 117.4 1
327.1 117.9 1
322.9 118.5 1
318.9 119.3 1
315.0 120.3 1
311.3 121.5 1
307.9 122.8 1
304.6 124.3 1
301.7 125.9 1
299.0 127.7 1
296.7 129.5 1
294.7 131.4 1
293.0 133.4 1
291.7 135.5 1
290.8 137.7 1
290.2 139.8 1
290.0 142.0 1
290.2 144.2 1
290.8 146.3 1
291.7 148.5 1
293.0 150.6 1
294.7 152.6 1
296.7 154.5 1
299.0 156.3 1
301.7 158.1 1
300.0 161.4 1
294.1 163.2 1
288.6 165.4 1
283.4 167.7 1
278.7 170.3 1
274.5 173.1 1
270.7 176.0 1
267.5 179.1 1
264.8 182.3 1
262.7 185.6 1
261.2 189.1 1
260.3 192.5 1
260.0 196.0 1
260.3 199.5 1
261.2 202.9 1
262.7 206.4 1
264.8 209.7 1
267.5 212.9 1
270.7 216.0 1
274.5 218.9 1
278.7 221.7 1
283.4 224.3 1
288.6 226.6 1
294.1 228.8 1
300.0 230.6 1
306.2 232.3 1
312.6 233.6 1
319.3 234.6 1
326.1 235.4 1
333.0 235.8 1
340.0 236.0 1
