230.0 208.0 2
230.0 208.0 1
232.0 207.5 1
233.5 206.0 1
234.0 204.0 1
233.5 202.0 1
232.0 200.5 1
230.0 200.0 1
228.0 200.5 1
226.5 202.0 1
226.0 204.0 1
226.5 206.0 1
228.0 207.5 1
230.0 208.0 1
256.0 134.0 2
256.0 134.0 1
258.0 133.5 1
259.5 132.0 1
260.0 130.0 1
259.5 128.0 1
258.0 126.5 1
256.0 126.0 1
254.0 126.5 1
252.5 128.0 1
252.0 130.0 1
252.5 132.0 1
254.0 133.5 1
256.0 134.0 1
304.0 102.0 2
304.0 102.0 1
306.0 101.5 1
307.5 100.0 1
308.0 98.0 1
307.5 96.0 1
306.0 94.5 1
304.0 94.0 1
302.0 94.5 1
300.5 96.0 1
300.0 98.0 1
300.5 100.0 1
302.0 101.5 1
304.0 102.0 1
418.0 134.0 2
418.0 134.0 1
420.0 133.5 1
421.5 132.0 1
422.0 130.0 1
421.5 128.0 1
420.0 126.5 1
418.0 126.0 1
416.0 126.5 1
414.5 128.0 1
414.0 130.0 1
414.5 132.0 1
416.0 133.5 1
418.0 134.0 1
444.0 170.0 2
444.0 170.0 1
446.0 169.5 1
447.5 168.0 1
448.0 166.0 1
447.5 164.0 1
446.0 162.5 1
444.0 162.0 1
442.0 162.5 1
440.5 164.0 1
440.0 166.0 1
440.5 168.0 1
442.0 169.5 1
444.0 170.0 1
336.0 92.0 2
336.0 92.0 1
338.0 91.5 1
339.5 90.0 1
340.0 88.0 1
339.5 86.0 1
338.0 84.5 1
336.0 84.0 1
334.0 84.5 1
332.5 86.0 1
332.0 88.0 1
332.5 90.0 1
334.0 91.5 1
336.0 92.0 1
