340.0 236.0 1
347.0 235.8 1
353.9 235.4 1
360.7 234.6 1
367.4 233.6 1
373.8 232.3 1
380.0 230.6 1
385.9 228.8 1
391.4 226.6 1
396.6 224.3 1
401.3 221.7 1
405.5 218.9 1
409.3 216.0 1
412.5 212.9 1
415.2 209.7 1
417.3 206.4 1
418.8 202.9 1
419.7 199.5 1
420.0 196.0 1
419.7 192.5 1
418.8 189.1 1
417.3 185.6 1
415.2 182.3 1
412.5 179.1 1
409.3 176.0 1
405.5 173.1 1
401.3 170.3 1
396.6 167.7 1
391.4 165.4 1
385.9 163.2 1
380.0 161.4 1
372.1 161.2 1
375.4 159.7 1
378.3 158.1 1
381.0 156.3 1
383.3 154.5 1
385.3 152.6 1
387.0 150.6 1
388.3 148.5 1
389.2 146.3 1
389.8 144.2 1
390.0 142.0 1
389.8 139.8 1
389.2 137.7 1
388.3 135.5 1
387.0 133.4 1
385.3 131.4 1
383.3 129.5 1
381.0 127.7 1
378.3 125.9 1
375.4 124.3 1
372.1 122.8 1
368.7 121.5 1
365.0 120.3 1
361.1 119.3 1
357.1 118.5 1
352.9 117.9 1
348.7 117.4 1
344.4 117.1 1
340.0 117.0 1
335.6 117.1 1
331.3 117.4 1
327.1 117.9 1
322.9 118.5 1
318.9 119.3 1
315.0 120.3 1
311.3 121.5 1
307.9 122.8 1
304.6 124.3 1
301.7 125.9 1
299.0 127.7 1
296.7 129.5 1
294.7 131.4 1
293.0 133.4 1
291.7 135.5 1
290.8 137.7 1
290.2 139.8 1
290.0 142.0 1
290.2 144.2 1
290.8 146.3 1
291.7 148.5 1
293.0 150.6 1
294.7 152.6 1
296.7 154.5 1
299.0 156.3 1
301.7 158.1 1
300.0 161.4 1
294.1 163.2 1
288.6 165.4 1
283.4 167.7 1
278.7 170.3 1
274.5 173.1 1
270.7 176.0 1
267.5 179.1 1
264.8 182.3 1
262.7 185.6 1
261.2 189.1 1
260.3 192.5 1
260.0 196.0 1
260.3 199.5 1
261.2 202.9 1
262.7 206.4 1
264.8 209.7 1
267.5 212.9 1
270.7 216.0 1
274.5 218.9 1
278.7 221.7 1
283.4 224.3 1
288.6 226.6 1
294.1 228.8 1
300.0 230.6 1
306.2 232.3 1
312.6 233.6 1
319.3 234.6 1
326.1 235.4 1
333.0 235.8 1
340.0 236.0 1
340.0 191.0 2
340.0 191.0 1
342.5 190.3 1
344.3 188.5 1
345.0 186.0 1
344.3 183.5 1
342.5 181.7 1
340.0 181.0 1
337.5 181.7 1
335.7 183.5 1
335.0 186.0 1
335.7 188.5 1
337.5 190.3 1
340.0 191.0 1
340.0 219.0 2
340.0 219.0 1
342.5 218.3 1
344.3 216.5 1
345.0 214.0 1
344.3 211.5 1
342.5 209.7 1
340.0 209.0 1
337.5 209.7 1
335.7 211.5 1
335.0 214.0 1
335.7 216.5 1
337.5 218.3 1
340.0 219.0 1
325.0 149.0 2
325.0 149.0 1
327.5 148.3 1
329.3 146.5 1
330.0 144.0 1
329.3 141.5 1
327.5 139.7 1
325.0 139.0 1
322.5 139.7 1
320.7 141.5 1
320.0 144.0 1
320.7 146.5 1
322.5 148.3 1
325.0 149.0 1
355.0 149.0 2
355.0 149.0 1
357.5 148.3 1
359.3 146.5 1
360.0 144.0 1
359.3 141.5 1
357.5 139.7 1
355.0 139.0 1
352.5 139.7 1
350.7 141.5 1
350.0 144.0 1
350.7 146.5 1
352.5 148.3 1
355.0 149.0 1
325.9 156.1 2
325.9 156.1 1
328.5 158.4 1
331.5 160.1 1
334.8 161.3 1
338.3 161.9 1
341.7 161.9 1
345.2 161.3 1
348.5 160.1 1
351.5 158.4 1
354.1 156.1 1
338.7 109.1 2
338.7 109.1 1
341.6 112.4 1
344.9 115.3 1
348.3 118.0 1
352.0 120.3 1
355.9 122.3 1
359.9 124.0 1
364.1 125.3 1
368.3 126.2 1
372.6 126.8 1
377.0 127.0 1
381.4 126.8 1
385.7 126.2 1
389.9 125.3 1
394.1 124.0 1
377.0 127.0 2
377.0 127.0 1
392.0 96.0 1
360.0 86.0 1
347.3 118.0 1
412.1 156.4 2
412.1 156.4 1
412.5 157.7 1
413.1 159.0 1
413.9 160.1 1
414.9 161.1 1
416.0 161.9 1
417.3 162.5 1
418.6 162.9 1
420.0 163.0 1
421.4 162.9 1
422.7 162.5 1
414.9 161.1 2
414.9 161.1 1
405.5 173.1 1
275.5 173.1 2
275.5 173.1 1
265.1 161.1 1
257.3 162.5 2
257.3 162.5 1
258.6 162.9 1
260.0 163.0 1
261.4 162.9 1
262.7 162.5 1
264.0 161.9 1
265.1 161.1 1
266.1 160.1 1
266.9 159.0 1
267.5 157.7 1
267.9 156.4 1
230.0 208.0 2
230.0 208.0 1
232.0 207.5 1
233.5 206.0 1
234.0 204.0 1
233.5 202.0 1
232.0 200.5 1
230.0 200.0 1
228.0 200.5 1
226.5 202.0 1
226.0 204.0 1
226.5 206.0 1
228.0 207.5 1
230.0 208.0 1
256.0 134.0 2
256.0 134.0 1
258.0 133.5 1
259.5 132.0 1
260.0 130.0 1
259.5 128.0 1
258.0 126.5 1
256.0 126.0 1
254.0 126.5 1
252.5 128.0 1
252.0 130.0 1
252.5 132.0 1
254.0 133.5 1
256.0 134.0 1
304.0 102.0 2
304.0 102.0 1
306.0 101.5 1
307.5 100.0 1
308.0 98.0 1
307.5 96.0 1
306.0 94.5 1
304.0 94.0 1
302.0 94.5 1
300.5 96.0 1
300.0 98.0 1
300.5 100.0 1
302.0 101.5 1
304.0 102.0 1
418.0 134.0 2
418.0 134.0 1
420.0 133.5 1
421.5 132.0 1
422.0 130.0 1
421.5 128.0 1
420.0 126.5 1
418.0 126.0 1
416.0 126.5 1
414.5 128.0 1
414.0 130.0 1
414.5 132.0 1
416.0 133.5 1
418.0 134.0 1
444.0 170.0 2
444.0 170.0 1
446.0 169.5 1
447.5 168.0 1
448.0 166.0 1
447.5 164.0 1
446.0 162.5 1
444.0 162.0 1
442.0 162.5 1
440.5 164.0 1
440.0 166.0 1
440.5 168.0 1
442.0 169.5 1
444.0 170.0 1
