335.0 158.0 2
335.0 158.0 1
339.0 159.0 1
346.0 158.0 1
343.0 155.0 1
340.0 154.0 1
336.0 158.0 1
340.0 145.0 1
340.0 155.0 1
342.0 146.0 1
345.0 145.0 1
347.0 147.0 1
344.0 149.0 1
346.0 157.0 1
341.0 159.0 1
349.0 146.0 2
349.0 146.0 1
353.0 149.0 1
358.0 147.0 1
360.0 147.0 1
354.0 143.0 1
350.0 143.0 1
349.0 145.0 1
347.0 146.0 1
348.0 146.0 1
339.0 144.0 2
339.0 144.0 1
334.0 142.0 1
329.0 142.0 1
329.0 144.0 1
329.0 145.0 1
333.0 146.0 1
338.0 146.0 1
338.0 144.0 1
