325.0 156.0 2
325.0 156.0 1
328.0 167.0 1
333.0 174.0 1
335.0 178.0 1
339.0 181.0 1
346.0 180.0 1
351.0 177.0 1
355.0 170.0 1
363.0 165.0 1
337.0 160.0 2
337.0 160.0 1
331.0 165.0 1
329.0 167.0 1
338.0 164.0 1
343.0 165.0 1
349.0 167.0 1
353.0 167.0 1
345.0 162.0 1
343.0 160.0 1
336.0 160.0 1
338.0 175.0 2
338.0 175.0 1
339.0 179.0 1
342.0 179.0 1
343.0 175.0 1
326.0 140.0 2
326.0 140.0 1
329.0 138.0 1
333.0 138.0 1
336.0 138.0 1
340.0 139.0 1
337.0 137.0 1
331.0 135.0 1
328.0 136.0 1
326.0 137.0 1
326.0 139.0 1
348.0 139.0 2
348.0 139.0 1
354.0 140.0 1
359.0 140.0 1
363.0 140.0 1
357.0 138.0 1
354.0 137.0 1
350.0 137.0 1
349.0 139.0 1
