326.0 132.0 2
326.0 132.0 1
319.0 139.0 1
319.0 144.0 1
314.0 149.0 1
310.0 155.0 1
309.0 164.0 1
306.0 189.0 1
309.0 191.0 1
324.0 205.0 1
324.0 195.0 1
325.0 180.0 1
325.0 164.0 1
326.0 134.0 1
362.0 136.0 2
362.0 136.0 1
365.0 149.0 1
364.0 165.0 1
364.0 170.0 1
362.0 183.0 1
354.0 186.0 1
349.0 196.0 1
344.0 205.0 1
338.0 220.0 1
341.0 220.0 1
350.0 209.0 1
358.0 200.0 1
362.0 197.0 1
358.0 208.0 1
365.0 204.0 1
372.0 200.0 1
376.0 188.0 1
375.0 179.0 1
378.0 172.0 1
381.0 180.0 1
381.0 170.0 1
379.0 151.0 1
376.0 143.0 1
375.0 141.0 1
321.0 147.0 2
321.0 147.0 1
320.0 158.0 1
319.0 169.0 1
321.0 175.0 1
321.0 181.0 1
315.0 154.0 2
315.0 154.0 1
313.0 161.0 1
313.0 165.0 1
313.0 173.0 1
314.0 185.0 1
314.0 187.0 1
317.0 178.0 2
317.0 178.0 1
318.0 192.0 1
370.0 147.0 2
370.0 147.0 1
371.0 160.0 1
370.0 175.0 1
370.0 179.0 1
372.0 143.0 2
372.0 143.0 1
375.0 154.0 1
375.0 162.0 1
375.0 169.0 1
375.0 171.0 1
365.0 186.0 2
365.0 186.0 1
354.0 194.0 1
352.0 198.0 1
372.0 183.0 2
372.0 183.0 1
369.0 193.0 1
367.0 196.0 1
