337.0 223.0 2
337.0 223.0 1
328.0 211.0 1
320.0 205.0 1
316.0 200.0 1
310.0 194.0 1
300.0 188.0 1
297.0 191.0 1
300.0 194.0 1
305.0 198.0 1
313.0 207.0 1
305.0 203.0 1
298.0 199.0 1
290.0 193.0 1
285.0 192.0 1
285.0 197.0 1
288.0 200.0 1
294.0 206.0 1
300.0 208.0 1
305.0 212.0 1
293.0 209.0 1
287.0 207.0 1
284.0 205.0 1
281.0 207.0 1
284.0 211.0 1
291.0 215.0 1
298.0 218.0 1
300.0 220.0 1
294.0 221.0 1
290.0 224.0 1
290.0 225.0 1
288.0 223.0 2
288.0 223.0 1
282.0 211.0 1
281.0 209.0 1
292.0 218.0 2
292.0 218.0 1
290.0 215.0 1
298.0 193.0 2
298.0 193.0 1
298.0 198.0 1
305.0 198.0 2
305.0 198.0 1
306.0 204.0 1
306.0 202.0 1
288.0 200.0 2
288.0 200.0 1
289.0 208.0 1
298.0 206.0 2
298.0 206.0 1
297.0 210.0 1
319.0 205.0 2
319.0 205.0 1
314.0 207.0 1
315.0 208.0 1
321.0 205.0 1
319.0 203.0 1
313.0 207.0 2
313.0 207.0 1
308.0 211.0 1
307.0 213.0 1
309.0 214.0 1
314.0 209.0 1
313.0 207.0 1
312.0 207.0 1
308.0 212.0 2
308.0 212.0 1
304.0 218.0 1
306.0 220.0 1
310.0 220.0 1
311.0 216.0 1
308.0 212.0 1
