-133.9,-77.2,1
-134.6,-76.7,1
-135.2,-76.2,1
-135.9,-75.7,1
-136.5,-75.2,1
-137.1,-74.8,1
-137.8,-74.3,1
-138.4,-73.9,1
-139.0,-73.5,1
-139.6,-73.1,1
-140.2,-72.7,1
-140.8,-72.3,1
-141.3,-72.0,1
-141.9,-71.6,1
-142.5,-71.3,1
-143.1,-70.9,1
-143.6,-70.6,1
-144.2,-70.3,1
-144.7,-70.0,1
-145.3,-69.7,1
-145.8,-69.5,1
-146.4,-69.2,1
-146.9,-68.9,1
-147.5,-68.7,1
-148.0,-68.5,1
-148.5,-68.3,1
-149.0,-68.1,1
-149.6,-67.9,1
-150.1,-67.7,1
-150.6,-67.5,1
-151.1,-67.4,1
-151.6,-67.2,1
-152.1,-67.1,1
-152.6,-67.0,1
-153.1,-66.9,1
-153.6,-66.8,1
-154.1,-66.7,1
-154.6,-66.7,1
-155.1,-66.6,1
-155.6,-66.6,1
-156.1,-66.6,1
-156.6,-66.6,1
-157.0,-66.6,1
-157.5,-66.6,1
-158.0,-66.6,1
-158.5,-66.7,1
-158.9,-66.8,1
-159.4,-66.9,1
-159.9,-67.0,1
-160.3,-67.1,1
-159.2,-66.1,1
-158.1,-65.2,1
-157.0,-64.2,1
-155.9,-63.2,1
-154.8,-62.2,1
-153.6,-61.2,1
-152.5,-60.2,1
-151.3,-59.2,1
-150.2,-58.1,1
-149.0,-57.1,1
-147.9,-56.0,1
-146.7,-55.0,1
-145.5,-53.9,1
-144.4,-52.9,1
-143.2,-51.8,1
-142.1,-50.7,1
-140.9,-49.6,1
-139.8,-48.5,1
-138.6,-47.4,1
-137.5,-46.3,1
-136.3,-45.2,1
-135.2,-44.1,1
-134.0,-43.0,1
-132.9,-41.8,1
-131.8,-40.7,1
-130.7,-39.5,1
-129.6,-38.4,1
-128.5,-37.3,1
-127.4,-36.1,1
-126.3,-35.0,1
-125.2,-33.8,1
-124.2,-32.7,1
-123.1,-31.5,1
-122.1,-30.4,1
-121.0,-29.2,1
-120.0,-28.1,1
-119.0,-26.9,1
-117.9,-25.8,1
-116.9,-24.7,1
-115.9,-23.6,1
-114.9,-22.4,1
-113.9,-21.3,1
-113.0,-20.2,1
-112.0,-19.1,1
-111.0,-18.1,1
-110.1,-17.0,1
-109.1,-15.9,1
-108.2,-14.9,1
-107.3,-13.8,1
-106.3,-12.8,1
-106.6,-13.6,1
-106.9,-14.3,1
-107.1,-15.0,1
-107.4,-15.7,1
-107.6,-16.4,1
-107.8,-17.1,1
-107.9,-17.8,1
-108.1,-18.5,1
-108.2,-19.1,1
-108.3,-19.8,1
-108.5,-20.5,1
-108.5,-21.2,1
-108.6,-21.8,1
-108.7,-22.5,1
-108.7,-23.2,1
-108.8,-23.8,1
-108.8,-24.5,1
-108.8,-25.1,1
-108.8,-25.8,1
-108.7,-26.4,1
-108.7,-27.1,1
-108.6,-27.7,1
-108.6,-28.4,1
-108.5,-29.1,1
-108.4,-29.7,1
-108.3,-30.4,1
-108.1,-31.0,1
-108.0,-31.7,1
-107.8,-32.3,1
-107.7,-33.0,1
-107.5,-33.7,1
-107.3,-34.3,1
-107.1,-35.0,1
-106.9,-35.6,1
-106.6,-36.3,1
-106.4,-37.0,1
-106.1,-37.7,1
-105.9,-38.3,1
-105.6,-39.0,1
-105.3,-39.7,1
-105.0,-40.4,1
-104.6,-41.1,1
-104.3,-41.8,1
-103.9,-42.5,1
-103.6,-43.2,1
-103.2,-44.0,1
-102.8,-44.7,1
-102.4,-45.4,1
-101.9,-46.2,1
-101.5,-46.9,1
-102.2,-47.4,1
-102.9,-48.0,1
-103.6,-48.5,1
-104.4,-49.0,1
-105.1,-49.6,1
-105.8,-50.1,1
-106.5,-50.7,1
-107.2,-51.2,1
-107.9,-51.8,1
-108.6,-52.3,1
-109.2,-52.9,1
-109.9,-53.5,1
-110.6,-54.1,1
-111.3,-54.7,1
-112.0,-55.3,1
-112.6,-55.9,1
-113.3,-56.5,1
-114.0,-57.1,1
-114.6,-57.7,1
-115.3,-58.3,1
-115.9,-58.9,1
-116.6,-59.5,1
-117.2,-60.2,1
-117.8,-60.8,1
-118.5,-61.4,1
-119.1,-62.1,1
-119.7,-62.7,1
-120.3,-63.4,1
-120.9,-64.0,1
-121.6,-64.7,1
-122.2,-65.4,1
-122.8,-66.0,1
-123.4,-66.7,1
-123.9,-67.4,1
-124.5,-68.1,1
-125.1,-68.7,1
-125.7,-69.4,1
-126.3,-70.1,1
-126.8,-70.8,1
-127.4,-71.5,1
-127.9,-72.2,1
-128.5,-72.9,1
-129.0,-73.6,1
-129.5,-74.4,1
-130.1,-75.1,1
-130.6,-75.8,1
-131.1,-76.5,1
-131.6,-77.3,1
-132.1,-78.0,1
