336.0 166.0 1
340.4 165.8 1
344.7 165.2 1
348.9 164.3 1
353.1 163.0 1
357.1 161.3 1
361.0 159.3 1
364.7 157.0 1
368.1 154.3 1
371.4 151.4 1
374.3 148.1 1
377.0 144.7 1
379.3 141.0 1
381.3 137.1 1
383.0 133.1 1
384.3 128.9 1
385.2 124.7 1
385.8 120.4 1
386.0 116.0 1
385.8 111.6 1
385.2 107.3 1
384.3 103.1 1
383.0 98.9 1
381.3 94.9 1
379.3 91.0 1
377.0 87.3 1
374.3 83.9 1
371.4 80.6 1
368.1 77.7 1
364.7 75.0 1
361.0 72.7 1
357.1 70.7 1
353.1 69.0 1
348.9 67.7 1
344.7 66.8 1
340.4 66.2 1
336.0 66.0 1
331.6 66.2 1
327.3 66.8 1
323.1 67.7 1
318.9 69.0 1
314.9 70.7 1
311.0 72.7 1
307.3 75.0 1
303.9 77.7 1
300.6 80.6 1
297.7 83.9 1
295.0 87.3 1
292.7 91.0 1
290.7 94.9 1
289.0 98.9 1
287.7 103.1 1
286.8 107.3 1
286.2 111.6 1
286.0 116.0 1
286.2 120.4 1
286.8 124.7 1
287.7 128.9 1
289.0 133.1 1
290.7 137.1 1
292.7 141.0 1
295.0 144.7 1
297.7 148.1 1
300.6 151.4 1
303.9 154.3 1
307.3 157.0 1
311.0 159.3 1
314.9 161.3 1
318.9 163.0 1
323.1 164.3 1
327.3 165.2 1
331.6 165.8 1
336.0 166.0 1
