1587,1362,2000
1587,1362,2000
1587,1362,2000
1587,1362,2000
1587,1362,2000
1574,1351,2000
1560,1341,2000
1547,1331,2000
1534,1321,2000
1521,1311,2000
1509,1308,2000
1498,1304,2000
1486,1301,2000
1475,1299,2000
1463,1296,2000
1456,1301,2000
1448,1305,2000
1441,1310,2000
1433,1315,2000
1425,1321,2000
1423,1331,2000
1420,1342,2000
1417,1352,2000
1414,1363,2000
1411,1374,2000
1414,1387,2000
1417,1399,2000
1420,1412,2000
1422,1425,2000
1424,1438,2000
1432,1449,2000
1440,1460,2000
1448,1472,2000
1456,1483,2000
1463,1495,2000
1475,1502,2000
1487,1509,2000
1498,1516,2000
1510,1524,2000
1521,1532,2000
1534,1533,2000
1547,1535,2000
1560,1537,2000
1572,1540,2000
1585,1542,2000
1595,1539,2000
1606,1535,2000
1616,1532,2000
1626,1529,2000
1636,1527,2000
1641,1518,2000
1646,1510,2000
1650,1502,2000
1654,1494,2000
1658,1486,2000
1655,1475,2000
1651,1463,2000
1648,1451,2000
1644,1439,2000
1640,1427,2000
1629,1414,2000
1619,1401,2000
1608,1388,2000
1598,1375,2000
1500,1500,1000