325.0 156.0 2
325.0 156.0 1
328.0 167.0 1
333.0 174.0 1
335.0 178.0 1
339.0 181.0 1
346.0 180.0 1
351.0 177.0 1
355.0 170.0 1
363.0 165.0 1
337.0 160.0 2
337.0 160.0 1
331.0 165.0 1
329.0 167.0 1
338.0 164.0 1
343.0 165.0 1
349.0 167.0 1
353.0 167.0 1
345.0 162.0 1
343.0 160.0 1
336.0 160.0 1
338.0 175.0 2
338.0 175.0 1
339.0 179.0 1
342.0 179.0 1
343.0 175.0 1
326.0 140.0 2
326.0 140.0 1
329.0 138.0 1
333.0 138.0 1
336.0 138.0 1
340.0 139.0 1
337.0 137.0 1
331.0 135.0 1
328.0 136.0 1
326.0 137.0 1
326.0 139.0 1
348.0 139.0 2
348.0 139.0 1
354.0 140.0 1
359.0 140.0 1
363.0 140.0 1
357.0 138.0 1
354.0 137.0 1
350.0 137.0 1
349.0 139.0 1
326.0 132.0 2
326.0 132.0 1
319.0 139.0 1
319.0 144.0 1
314.0 149.0 1
310.0 155.0 1
309.0 164.0 1
306.0 189.0 1
309.0 191.0 1
324.0 205.0 1
324.0 195.0 1
325.0 180.0 1
325.0 164.0 1
326.0 134.0 1
362.0 136.0 2
362.0 136.0 1
365.0 149.0 1
364.0 165.0 1
364.0 170.0 1
362.0 183.0 1
354.0 186.0 1
349.0 196.0 1
344.0 205.0 1
338.0 220.0 1
341.0 220.0 1
350.0 209.0 1
358.0 200.0 1
362.0 197.0 1
358.0 208.0 1
365.0 204.0 1
372.0 200.0 1
376.0 188.0 1
375.0 179.0 1
378.0 172.0 1
381.0 180.0 1
381.0 170.0 1
379.0 151.0 1
376.0 143.0 1
375.0 141.0 1
321.0 147.0 2
321.0 147.0 1
320.0 158.0 1
319.0 169.0 1
321.0 175.0 1
321.0 181.0 1
315.0 154.0 2
315.0 154.0 1
313.0 161.0 1
313.0 165.0 1
313.0 173.0 1
314.0 185.0 1
314.0 187.0 1
317.0 178.0 2
317.0 178.0 1
318.0 192.0 1
370.0 147.0 2
370.0 147.0 1
371.0 160.0 1
370.0 175.0 1
370.0 179.0 1
372.0 143.0 2
372.0 143.0 1
375.0 154.0 1
375.0 162.0 1
375.0 169.0 1
375.0 171.0 1
365.0 186.0 2
365.0 186.0 1
354.0 194.0 1
352.0 198.0 1
372.0 183.0 2
372.0 183.0 1
369.0 193.0 1
367.0 196.0 1
320.0 140.0 2
320.0 140.0 1
306.0 134.0 1
324.0 116.0 1
334.0 104.0 1
350.0 102.0 1
362.0 104.0 1
380.0 122.0 1
392.0 130.0 1
396.0 136.0 1
388.0 138.0 1
374.0 140.0 1
358.0 132.0 1
328.0 130.0 1
318.0 138.0 1
362.0 108.0 2
362.0 108.0 1
356.0 106.0 1
346.0 114.0 1
336.0 112.0 1
322.0 114.0 1
324.0 116.0 1
326.0 133.0 2
326.0 133.0 1
324.0 153.0 1
325.0 167.0 1
331.0 175.0 1
330.0 183.0 1
333.0 185.0 1
337.0 188.0 1
342.0 188.0 1
347.0 188.0 1
350.0 180.0 1
358.0 176.0 1
362.0 168.0 1
363.0 156.0 1
362.0 135.0 1
362.0 134.0 1
362.0 133.0 1
334.0 146.0 2
334.0 146.0 1
335.0 145.8 1
335.7 145.3 1
336.0 144.5 1
335.7 143.8 1
335.0 143.2 1
334.0 143.0 1
333.0 143.2 1
332.3 143.7 1
332.0 144.5 1
332.3 145.3 1
333.0 145.8 1
334.0 146.0 1
353.0 147.0 2
353.0 147.0 1
354.0 146.8 1
354.7 146.3 1
355.0 145.5 1
354.7 144.8 1
354.0 144.2 1
353.0 144.0 1
352.0 144.2 1
351.3 144.7 1
351.0 145.5 1
351.3 146.3 1
352.0 146.8 1
353.0 147.0 1
399.0 213.0 2
399.0 213.0 1
389.0 201.0 1
387.0 197.0 1
377.0 181.0 1
391.0 208.0 1
379.0 214.0 1
366.0 220.0 1
363.0 224.0 1
346.0 224.0 1
356.0 206.0 1
359.0 203.0 1
328.0 181.0 2
328.0 181.0 1
334.0 186.0 1
344.0 190.0 1
353.0 188.0 1
356.0 188.0 1
351.0 198.0 1
338.0 203.0 1
329.0 204.0 1
322.0 196.0 1
328.0 180.0 1
348.0 207.0 2
348.0 207.0 1
329.0 205.0 1
332.0 210.0 1
345.0 209.0 1
347.0 206.0 1
332.0 212.0 2
332.0 212.0 1
343.0 213.0 1
335.0 158.0 2
335.0 158.0 1
339.0 159.0 1
346.0 158.0 1
343.0 155.0 1
340.0 154.0 1
336.0 158.0 1
340.0 145.0 1
340.0 155.0 1
342.0 146.0 1
345.0 145.0 1
347.0 147.0 1
344.0 149.0 1
346.0 157.0 1
341.0 159.0 1
349.0 146.0 2
349.0 146.0 1
353.0 149.0 1
358.0 147.0 1
360.0 147.0 1
354.0 143.0 1
350.0 143.0 1
349.0 145.0 1
347.0 146.0 1
348.0 146.0 1
339.0 144.0 2
339.0 144.0 1
334.0 142.0 1
329.0 142.0 1
329.0 144.0 1
329.0 145.0 1
333.0 146.0 1
338.0 146.0 1
338.0 144.0 1
337.0 223.0 2
337.0 223.0 1
328.0 211.0 1
320.0 205.0 1
316.0 200.0 1
310.0 194.0 1
300.0 188.0 1
297.0 191.0 1
300.0 194.0 1
305.0 198.0 1
313.0 207.0 1
305.0 203.0 1
298.0 199.0 1
290.0 193.0 1
285.0 192.0 1
285.0 197.0 1
288.0 200.0 1
294.0 206.0 1
300.0 208.0 1
305.0 212.0 1
293.0 209.0 1
287.0 207.0 1
284.0 205.0 1
281.0 207.0 1
284.0 211.0 1
291.0 215.0 1
298.0 218.0 1
300.0 220.0 1
294.0 221.0 1
290.0 224.0 1
290.0 225.0 1
288.0 223.0 2
288.0 223.0 1
282.0 211.0 1
281.0 209.0 1
292.0 218.0 2
292.0 218.0 1
290.0 215.0 1
298.0 193.0 2
298.0 193.0 1
298.0 198.0 1
305.0 198.0 2
305.0 198.0 1
306.0 204.0 1
306.0 202.0 1
288.0 200.0 2
288.0 200.0 1
289.0 208.0 1
298.0 206.0 2
298.0 206.0 1
297.0 210.0 1
319.0 205.0 2
319.0 205.0 1
314.0 207.0 1
315.0 208.0 1
321.0 205.0 1
319.0 203.0 1
313.0 207.0 2
313.0 207.0 1
308.0 211.0 1
307.0 213.0 1
309.0 214.0 1
314.0 209.0 1
313.0 207.0 1
312.0 207.0 1
308.0 212.0 2
308.0 212.0 1
304.0 218.0 1
306.0 220.0 1
310.0 220.0 1
311.0 216.0 1
308.0 212.0 1
